-6.030090323615032e-74 0 -15 
-2.757104870259254e-73 0.2094395102393195 -14.94140625 
-1.251989509342263e-72 0.4188790204786391 -14.8828125 
-5.646327059649303e-72 0.6283185307179586 -14.82421875 
-2.529002787901791e-71 0.8377580409572781 -14.765625 
-1.124994817765154e-70 1.047197551196598 -14.70703125 
-4.970152015622354e-70 1.256637061435917 -14.6484375 
-2.180754407195665e-69 1.466076571675237 -14.58984375 
-9.503023034997136e-69 1.675516081914556 -14.53125 
-4.112773017159506e-68 1.884955592153876 -14.47265625 
-1.76776950422502e-67 2.094395102393195 -14.4140625 
-7.546307014806743e-67 2.303834612632515 -14.35546875 
-3.199346211706859e-66 2.513274122871834 -14.296875 
-1.347118946956243e-65 2.722713633111154 -14.23828125 
-5.633374016309242e-65 2.932153143350473 -14.1796875 
-2.3396406833102e-64 3.141592653589793 -14.12109375 
-9.650452541341006e-64 3.351032163829113 -14.0625 
-3.953339670699804e-63 3.560471674068432 -14.00390625 
-1.608416494293749e-62 3.769911184307752 -13.9453125 
-6.499064426370057e-62 3.979350694547071 -13.88671875 
-2.608081164975823e-61 4.188790204786391 -13.828125 
-1.039463633425546e-60 4.39822971502571 -13.76953125 
-4.11448452449363e-60 4.607669225265029 -13.7109375 
-1.617482173954032e-59 4.817108735504349 -13.65234375 
-6.315118574422769e-59 5.026548245743669 -13.59375 
-2.448733102635573e-58 5.235987755982988 -13.53515625 
-9.430165863005251e-58 5.445427266222308 -13.4765625 
-3.606742580736993e-57 5.654866776461628 -13.41796875 
-1.370026284126408e-56 5.864306286700947 -13.359375 
-5.16845319632656e-56 6.073745796940266 -13.30078125 
-1.936467501255331e-55 6.283185307179586 -13.2421875 
-7.205726504455866e-55 6.492624817418905 -13.18359375 
-2.66295159496866e-54 6.702064327658225 -13.125 
-9.773873338573457e-54 6.911503837897545 -13.06640625 
-3.562772385060691e-53 7.120943348136864 -13.0078125 
-1.289814885477885e-52 7.330382858376184 -12.94921875 
-4.637507537056562e-52 7.539822368615503 -12.890625 
-1.655998002641419e-51 7.749261878854822 -12.83203125 
-5.872904317028666e-51 7.958701389094142 -12.7734375 
-2.068540261628367e-50 8.168140899333462 -12.71484375 
-7.235906857196745e-50 8.377580409572781 -12.65625 
-2.513853089864139e-49 8.5870199198121 -12.59765625 
-8.673707175013632e-49 8.796459430051421 -12.5390625 
-2.972265189244729e-48 9.00589894029074 -12.48046875 
-1.011552180157652e-47 9.215338450530059 -12.421875 
-3.41906188982656e-47 9.424777960769379 -12.36328125 
-1.14774013975748e-46 9.634217471008698 -12.3046875 
-3.826468258462238e-46 9.843656981248017 -12.24609375 
-1.266982441403712e-45 10.05309649148734 -12.1875 
-4.16640049146482e-45 10.26253600172666 -12.12890625 
-1.360721878837515e-44 10.47197551196598 -12.0703125 
-4.41362731041967e-44 10.6814150222053 -12.01171875 
-1.421804502440928e-43 10.89085453244462 -11.953125 
-4.548854530026496e-43 11.10029404268393 -11.89453125 
-1.44538035727046e-42 11.30973355292326 -11.8359375 
-4.56121122691936e-42 11.51917306316257 -11.77734375 
-1.429539491317536e-41 11.72861257340189 -11.71875 
-4.449693184287178e-41 11.93805208364121 -11.66015625 
-1.375567518186313e-40 12.14749159388053 -11.6015625 
-4.223297683180461e-40 12.35693110411985 -11.54296875 
-1.287773288895546e-39 12.56637061435917 -11.484375 
-3.899824538613384e-39 12.77581012459849 -11.42578125 
-1.172920722018856e-38 12.98524963483781 -11.3671875 
-3.503565062401272e-38 13.19468914507713 -11.30859375 
-1.039368740822356e-37 13.40412865531645 -11.25 
-3.062295188312642e-37 13.61356816555577 -11.19140625 
-8.960709317308127e-37 13.82300767579509 -11.1328125 
-2.604088039332424e-36 14.03244718603441 -11.07421875 
-7.516001756621613e-36 14.24188669627373 -11.015625 
-2.154448015449541e-35 14.45132620651305 -10.95703125 
-6.133425613380523e-35 14.66076571675237 -10.8984375 
-1.734155836611341e-34 14.87020522699169 -10.83984375 
-4.869575209943059e-34 15.07964473723101 -10.78125 
-1.35803814962273e-33 15.28908424747033 -10.72265625 
-3.761411075381802e-33 15.49852375770964 -10.6640625 
-1.034683597095375e-32 15.70796326794897 -10.60546875 
-2.826716578004218e-32 15.91740277818828 -10.546875 
-7.6696386704923e-32 16.1268422884276 -10.48828125 
-2.066738257001015e-31 16.33628179866692 -10.4296875 
-5.53113157643316e-31 16.54572130890624 -10.37109375 
-1.470145900534154e-30 16.75516081914556 -10.3125 
-3.880831807910723e-30 16.96460032938488 -10.25390625 
-1.017436096845431e-29 17.1740398396242 -10.1953125 
-2.649155177783501e-29 17.38347934986352 -10.13671875 
-6.850552385970119e-29 17.59291886010284 -10.078125 
-1.75938838866415e-28 17.80235837034216 -10.01953125 
-4.487617032029369e-28 18.01179788058148 -9.9609375 
-1.136809751492423e-27 18.2212373908208 -9.90234375 
-2.860077025457926e-27 18.43067690106012 -9.84375 
-7.146371761969807e-27 18.64011641129944 -9.78515625 
-1.773419244302297e-26 18.84955592153876 -9.7265625 
-4.370741939825049e-26 19.05899543177808 -9.66796875 
-1.069835119135629e-25 19.2684349420174 -9.609375 
-2.600737211204502e-25 19.47787445225672 -9.55078125 
-6.279051272458074e-25 19.68731396249603 -9.4921875 
-1.50559971405229e-24 19.89675347273536 -9.43359375 
-3.585444086803574e-24 20.10619298297468 -9.375 
-8.479970109090519e-24 20.31563249321399 -9.31640625 
-1.991882082374137e-23 20.52507200345331 -9.2578125 
-4.646766663801983e-23 20.73451151369263 -9.19921875 
-1.076604130068862e-22 20.94395102393195 -9.140625 
-2.477303147599956e-22 21.15339053417127 -9.08203125 
-5.661352592305375e-22 21.36283004441059 -9.0234375 
-1.284929173679579e-21 21.57226955464991 -8.96484375 
-2.896383814818925e-21 21.78170906488923 -8.90625 
-6.484118910813822e-21 21.99114857512855 -8.84765625 
-1.441663044292113e-20 22.20058808536787 -8.7890625 
-3.183424083304442e-20 22.41002759560719 -8.73046875 
-6.981410350882521e-20 22.61946710584651 -8.671875 
-1.520581737066953e-19 22.82890661608583 -8.61328125 
-3.289230518076546e-19 23.03834612632515 -8.5546875 
-7.066376749866418e-19 23.24778563656447 -8.49609375 
-1.507707872021154e-18 23.45722514680379 -8.4375 
-3.19488737146956e-18 23.66666465704311 -8.37890625 
-6.723754368686854e-18 23.87610416728243 -8.3203125 
-1.405355063235312e-17 24.08554367752174 -8.26171875 
-2.917280723699027e-17 24.29498318776107 -8.203125 
-6.014344745675941e-17 24.50442269800039 -8.14453125 
-1.231448775010362e-16 24.7138622082397 -8.0859375 
-2.504161418328523e-16 24.92330171847902 -8.02734375 
-5.057387438766831e-16 25.13274122871834 -7.96875 
-1.01439726001188e-15 25.34218073895766 -7.91015625 
-2.020727937533106e-15 25.55162024919698 -7.8515625 
-3.997841396345433e-15 25.7610597594363 -7.79296875 
-7.855271714539981e-15 25.97049926967562 -7.734375 
-1.532903442871693e-14 26.17993877991494 -7.67578125 
-2.970888302565732e-14 26.38937829015426 -7.6171875 
-5.718416506201261e-14 26.59881780039358 -7.55859375 
-1.093158614372954e-13 26.8082573106329 -7.5 
-2.075432030523497e-13 27.01769682087222 -7.44140625 
-3.913377871791755e-13 27.22713633111154 -7.3828125 
-7.328464549888555e-13 27.43657584135086 -7.32421875 
-1.362988320090487e-12 27.64601535159018 -7.265625 
-2.517614397672134e-12 27.8554548618295 -7.20703125 
-4.618534895577757e-12 28.06489437206882 -7.1484375 
-8.414671795986211e-12 28.27433388230814 -7.08984375 
-1.522607869810927e-11 28.48377339254746 -7.03125 
-2.736257060966999e-11 28.69321290278678 -6.97265625 
-4.883640164473134e-11 28.9026524130261 -6.9140625 
-8.656620023023728e-11 29.11209192326541 -6.85546875 
-1.52395095109189e-10 29.32153143350473 -6.796875 
-2.664474450744534e-10 29.53097094374406 -6.73828125 
-4.626686440998156e-10 29.74041045398337 -6.6796875 
-7.978964106017952e-10 29.94984996422269 -6.62109375 
-1.366598348724599e-09 30.15928947446201 -6.5625 
-2.324626628533949e-09 30.36872898470133 -6.50390625 
-3.927204000391771e-09 30.57816849494065 -6.4453125 
-6.589184241039862e-09 30.78760800517997 -6.38671875 
-1.097988463756917e-08 30.99704751541929 -6.328125 
-1.817112599199252e-08 31.20648702565861 -6.26953125 
-2.986646610776183e-08 31.41592653589793 -6.2109375 
-4.875327267036957e-08 31.62536604613725 -6.15234375 
-7.903903801910078e-08 31.83480555637657 -6.09375 
-1.272616219817788e-07 32.04424506661589 -6.03515625 
-2.035031794611526e-07 32.25368457685521 -5.9765625 
-3.231936952152184e-07 32.46312408709453 -5.91796875 
-5.097679154658293e-07 32.67256359733385 -5.859375 
-7.985462081747374e-07 32.88200310757317 -5.80078125 
-1.242354514163192e-06 33.09144261781248 -5.7421875 
-1.919592168108296e-06 33.3008821280518 -5.68359375 
-2.945712331348205e-06 33.51032163829112 -5.625 
-4.489413753289293e-06 33.71976114853044 -5.56640625 
-6.79527237157113e-06 33.92920065876977 -5.5078125 
-1.021508634215483e-05 34.13864016900909 -5.44921875 
-1.525088867990128e-05 34.3480796792484 -5.390625 
-2.261341728052186e-05 34.55751918948772 -5.33203125 
-3.330083925981277e-05 34.76695869972704 -5.2734375 
-4.870371590645911e-05 34.97639820996636 -5.21484375 
-7.074356678622322e-05 35.18583772020568 -5.15625 
-0.0001020539324350049 35.395277230445 -5.09765625 
-0.0001462145095860973 35.60471674068432 -5.0390625 
-0.0002080506784348726 35.81415625092364 -4.98046875 
-0.0002940124608980384 36.02359576116296 -4.921875 
-0.0004126485034995039 36.23303527140228 -4.86328125 
-0.000575191882265062 36.4424747816416 -4.8046875 
-0.0007962751423068006 36.65191429188092 -4.74609375 
-0.00109479172214549 36.86135380212023 -4.6875 
-0.001494919435063975 37.07079331235956 -4.62890625 
-0.002027318612609239 37.28023282259888 -4.5703125 
-0.002730512465794907 37.4896723328382 -4.51171875 
-0.003652449803389419 37.69911184307752 -4.453125 
-0.004852240125511661 37.90855135331684 -4.39453125 
-0.00640203803846911 38.11799086355615 -4.3359375 
-0.008389037814023526 38.32743037379547 -4.27734375 
-0.01091751985035544 38.53686988403479 -4.21875 
-0.01411086915777889 38.74630939427411 -4.16015625 
-0.01811346248827184 38.95574890451343 -4.1015625 
-0.02309229642039886 39.16518841475276 -4.04296875 
-0.02923820505780297 39.37462792499207 -3.984375 
-0.0367664948434706 39.58406743523139 -3.92578125 
-0.04591680751943226 39.79350694547071 -3.8671875 
-0.05695201291384848 40.00294645571003 -3.80859375 
-0.07015593357593847 40.21238596594935 -3.75 
-0.08582971580198642 40.42182547618867 -3.69140625 
-0.1042866885114444 40.63126498642799 -3.6328125 
-0.1258455944030501 40.84070449666731 -3.57421875 
-0.150822137691196 41.05014400690663 -3.515625 
-0.1795188692572403 41.25958351714595 -3.45703125 
-0.2122135217095784 41.46902302738527 -3.3984375 
-0.2491460106293889 41.67846253762459 -3.33984375 
-0.2905044296644388 41.8879020478639 -3.28125 
-0.3364104801425976 42.09734155810322 -3.22265625 
-0.3869048832804943 42.30678106834254 -3.1640625 
-0.441933416737014 42.51622057858187 -3.10546875 
-0.5013342886868881 42.72566008882119 -3.046875 
-0.5648276034726326 42.93509959906051 -2.98828125 
-0.6320076758681193 43.14453910929982 -2.9296875 
-0.7023389103493063 43.35397861953914 -2.87109375 
-0.7751558741693649 43.56341812977846 -2.8125 
-0.8496680580761897 43.77285764001778 -2.75390625 
-0.9249696391507753 43.9822971502571 -2.6953125 
-1.000054342983128 44.19173666049642 -2.63671875 
-1.073835257166227 44.40117617073574 -2.578125 
-1.145169187823391 44.61061568097506 -2.51953125 
-1.212884890840181 44.82005519121438 -2.4609375 
-1.275814266226397 45.0294947014537 -2.40234375 
-1.33282539431719 45.23893421169302 -2.34375 
-1.382856131934912 45.44837372193234 -2.28515625 
-1.424946888363148 45.65781323217166 -2.2265625 
-1.458271174643681 45.86725274241098 -2.16796875 
-1.482162570398997 46.0766922526503 -2.109375 
-1.496136880095361 46.28613176288962 -2.05078125 
-1.499908450059536 46.49557127312894 -1.9921875 
-1.493399878212694 46.70501078336826 -1.93359375 
-1.476744655508113 46.91445029360757 -1.875 
-1.450282613160967 47.12388980384689 -1.81640625 
-1.41454839255947 47.33332931408621 -1.7578125 
-1.370253484293276 47.54276882432553 -1.69921875 
-1.318262679061611 47.75220833456486 -1.640625 
-1.259566018827077 47.96164784480418 -1.58203125 
-1.195247517680889 48.17108735504349 -1.5234375 
-1.126452029361303 48.38052686528281 -1.46484375 
-1.054351668299617 48.58996637552213 -1.40625 
-0.9801131448473948 48.79940588576145 -1.34765625 
-0.9048672593439373 49.00884539600077 -1.2890625 
-0.8296816245832801 49.21828490624009 -1.23046875 
-0.755537465986976 49.42772441647941 -1.171875 
-0.6833110994117285 49.63716392671873 -1.11328125 
-0.6137604248319501 49.84660343695805 -1.0546875 
-0.5475165164684159 50.05604294719737 -0.99609375 
-0.4850801510062571 50.26548245743669 -0.9375 
-0.4268229075570044 50.47492196767601 -0.87890625 
-0.3729923050111329 50.68436147791532 -0.8203125 
-0.323720319952458 50.89380098815464 -0.76171875 
-0.2790345534001543 51.10324049839397 -0.703125 
-0.2388712860728228 51.31268000863329 -0.64453125 
-0.2030896755922203 51.52211951887261 -0.5859375 
-0.1714863988435341 51.73155902911193 -0.52734375 
-0.1438101208999692 51.94099853935124 -0.46875 
-0.1197752700817968 52.15043804959056 -0.41015625 
-0.09907470838382246 52.35987755982988 -0.3515625 
-0.08139099974187511 52.5693170700692 -0.29296875 
-0.06640608849398813 52.77875658030852 -0.234375 
-0.05380930132136599 52.98819609054785 -0.17578125 
-0.0433036738112232 53.19763560078716 -0.1171875 
-0.03461067496747851 53.40707511102648 -0.05859375 
-0.02747345833310127 -53.6165146212658 0 
-0.02165880695626995 -53.40707511102648 0.05859375 
-0.01695796232025175 -53.19763560078716 0.1171875 
-0.01318653639823894 -52.98819609054785 0.17578125 
-0.01018370349929694 -52.77875658030852 0.234375 
-0.007810857075516976 -52.5693170700692 0.29296875 
-0.005949898708814939 -52.35987755982988 0.3515625 
-0.004501304473085536 -52.15043804959056 0.41015625 
-0.00338208987484742 -51.94099853935124 0.46875 
-0.002523770356097722 -51.73155902911193 0.52734375 
-0.001870391249257529 -51.52211951887261 0.5859375 
-0.001376680070728017 -51.31268000863329 0.64453125 
-0.001006355733967609 -51.10324049839397 0.703125 
-0.0007306139528468749 -50.89380098815464 0.76171875 
-0.0005267958375310374 -50.68436147791532 0.8203125 
-0.0003772373141013874 -50.47492196767601 0.87890625 
-0.0002682902497905118 -50.26548245743669 0.9375 
-0.0001895016832906657 -50.05604294719737 0.99609375 
-0.0001329349543318332 -49.84660343695805 1.0546875 
-9.261540833082076e-05 -49.63716392671873 1.11328125 
-6.408335452760453e-05 -49.42772441647941 1.171875 
-4.403775443525285e-05 -49.21828490624009 1.23046875 
-3.005543582094887e-05 -49.00884539600077 1.2890625 
-2.037224220182571e-05 -48.79940588576145 1.34765625 
-1.37142659816359e-05 -48.58996637552213 1.40625 
-9.169047908980988e-06 -48.38052686528281 1.46484375 
-6.088269272757024e-06 -48.17108735504349 1.5234375 
-4.01496162761243e-06 -47.96164784480418 1.58203125 
-2.62958299201143e-06 -47.75220833456486 1.640625 
-1.710449678318326e-06 -47.54276882432553 1.69921875 
-1.104972978601245e-06 -47.33332931408621 1.7578125 
-7.089423985597102e-07 -47.12388980384689 1.81640625 
-4.517396169086009e-07 -46.91445029360757 1.875 
-2.858797177404479e-07 -46.70501078336826 1.93359375 
-1.796786378345874e-07 -46.49557127312894 1.9921875 
-1.121572842373801e-07 -46.28613176288962 2.05078125 
-6.953067724765397e-08 -46.0766922526503 2.109375 
-4.280981694145618e-08 -45.86725274241098 2.16796875 
-2.617750302268587e-08 -45.65781323217166 2.2265625 
-1.589757939201257e-08 -45.44837372193234 2.28515625 
-9.58852319291375e-09 -45.23893421169302 2.34375 
-5.743681906918581e-09 -45.0294947014537 2.40234375 
-3.41701569436888e-09 -44.82005519121438 2.4609375 
-2.018931125003382e-09 -44.61061568097506 2.51953125 
-1.184715225211832e-09 -44.40117617073574 2.578125 
-6.904375019350589e-10 -44.19173666049642 2.63671875 
-3.996250575461868e-10 -43.9822971502571 2.6953125 
-2.297200951618868e-10 -43.77285764001778 2.75390625 
-1.311484613210064e-10 -43.56341812977846 2.8125 
-7.436102170556714e-11 -43.35397861953914 2.87109375 
-4.187409493338133e-11 -43.14453910929982 2.9296875 
-2.341873621514912e-11 -42.93509959906051 2.98828125 
-1.300766707238676e-11 -42.72566008882119 3.046875 
-7.175518808311072e-12 -42.51622057858187 3.10546875 
-3.931199989565357e-12 -42.30678106834254 3.1640625 
-2.139020295510909e-12 -42.09734155810322 3.22265625 
-1.155906242129567e-12 -41.8879020478639 3.28125 
-6.203663735577412e-13 -41.67846253762459 3.33984375 
-3.306677390190288e-13 -41.46902302738527 3.3984375 
-1.750464626501305e-13 -41.25958351714595 3.45703125 
-9.203071337727492e-14 -41.05014400690663 3.515625 
-4.805406975512587e-14 -40.84070449666731 3.57421875 
-2.491985419209478e-14 -40.63126498642799 3.6328125 
-1.283449413329017e-14 -40.42182547618867 3.69140625 
-6.564927754306275e-15 -40.21238596594935 3.75 
-3.335024916252263e-15 -40.00294645571003 3.80859375 
-1.682620404556292e-15 -39.79350694547071 3.8671875 
-8.431234252019756e-16 -39.58406743523139 3.92578125 
-4.195793414412409e-16 -39.37462792499207 3.984375 
-2.073743198139805e-16 -39.16518841475276 4.04296875 
-1.017920330852559e-16 -38.95574890451343 4.1015625 
-4.962385956011566e-17 -38.74630939427411 4.16015625 
-2.402620763843775e-17 -38.53686988403479 4.21875 
-1.155308182829459e-17 -38.32743037379547 4.27734375 
-5.517322995623716e-18 -38.11799086355615 4.3359375 
-2.61683840844862e-18 -37.90855135331684 4.39453125 
-1.232660099133744e-18 -37.69911184307752 4.453125 
-5.766704629091868e-19 -37.4896723328382 4.51171875 
-2.679353481941858e-19 -37.28023282259888 4.5703125 
-1.236375114523075e-19 -37.07079331235956 4.62890625 
-5.666154777860539e-20 -36.86135380212023 4.6875 
-2.578959657794315e-20 -36.65191429188092 4.74609375 
-1.165785367790386e-20 -36.4424747816416 4.8046875 
-5.233721246015306e-21 -36.23303527140228 4.86328125 
-2.333568276759584e-21 -36.02359576116296 4.921875 
-1.033352210887121e-21 -35.81415625092364 4.98046875 
-4.544584367127149e-22 -35.60471674068432 5.0390625 
-1.984988083433567e-22 -35.395277230445 5.09765625 
-8.610722116811978e-23 -35.18583772020568 5.15625 
-3.709703335916032e-23 -34.97639820996636 5.21484375 
-1.587291620616063e-23 -34.76695869972704 5.2734375 
-6.745159179352219e-24 -34.55751918948772 5.33203125 
-2.846725679270135e-24 -34.3480796792484 5.390625 
-1.193210238839724e-24 -34.13864016900909 5.44921875 
-4.967138390881739e-25 -33.92920065876977 5.5078125 
-2.053588792191201e-25 -33.71976114853044 5.56640625 
-8.43215628143771e-26 -33.51032163829112 5.625 
-3.438600684662052e-26 -33.3008821280518 5.68359375 
-1.39265255391492e-26 -33.09144261781248 5.7421875 
-5.601724566279212e-27 -32.88200310757317 5.80078125 
-2.237786546232242e-27 -32.67256359733385 5.859375 
-8.87837536580696e-28 -32.46312408709453 5.91796875 
-3.498374372279969e-28 -32.25368457685521 5.9765625 
-1.369042718560629e-28 -32.04424506661589 6.03515625 
-5.320906813191909e-29 -31.83480555637657 6.09375 
-2.053866648923372e-29 -31.62536604613725 6.15234375 
-7.873662027628224e-30 -31.41592653589793 6.2109375 
-2.997776368101834e-30 -31.20648702565861 6.26953125 
-1.133547258117977e-30 -30.99704751541929 6.328125 
-4.256944286774919e-31 -30.78760800517997 6.38671875 
-1.587721180322835e-31 -30.57816849494065 6.4453125 
-5.881233831154522e-32 -30.36872898470133 6.50390625 
-2.163618029142948e-32 -30.15928947446201 6.5625 
-7.90516015661546e-33 -29.94984996422269 6.62109375 
-2.868525341002108e-33 -29.74041045398337 6.6796875 
-1.033771714616491e-33 -29.53097094374406 6.73828125 
-3.70005803358811e-34 -29.32153143350473 6.796875 
-1.315256215952445e-34 -29.11209192326541 6.85546875 
-4.643336165163473e-35 -28.9026524130261 6.9140625 
-1.628050329836874e-35 -28.69321290278678 6.97265625 
-5.669221991341106e-36 -28.48377339254746 7.03125 
-1.960636286403513e-36 -28.27433388230814 7.08984375 
-6.73423930867759e-37 -28.06489437206882 7.1484375 
-2.297195682194491e-37 -27.8554548618295 7.20703125 
-7.782611896992303e-38 -27.64601535159018 7.265625 
-2.618609218061232e-38 -27.43657584135086 7.32421875 
-8.750521728617724e-39 -27.22713633111154 7.3828125 
-2.904123888369609e-39 -27.01769682087222 7.44140625 
-9.572255172091187e-40 -26.8082573106329 7.5 
-3.133511780880207e-40 -26.59881780039358 7.55859375 
-1.018746976497933e-40 -26.38937829015426 7.6171875 
-3.289419557802418e-41 -26.17993877991494 7.67578125 
-1.05484863240299e-41 -25.97049926967562 7.734375 
-3.359533333135965e-42 -25.7610597594363 7.79296875 
-1.062638878500667e-42 -25.55162024919698 7.8515625 
-3.338184870897567e-43 -25.34218073895766 7.91015625 
-1.041484963591062e-43 -25.13274122871834 7.96875 
-3.227108448746611e-44 -24.92330171847902 8.02734375 
-9.930978757740326e-45 -24.7138622082397 8.0859375 
-3.035208165958729e-45 -24.50442269800039 8.14453125 
-9.213037682006865e-46 -24.29498318776107 8.203125 
-2.777379012516106e-46 -24.08554367752174 8.26171875 
-8.315442939600688e-47 -23.87610416728243 8.3203125 
-2.472598278943807e-47 -23.66666465704311 8.37890625 
-7.301963771866108e-48 -23.45722514680379 8.4375 
-2.14162644851489e-48 -23.24778563656447 8.49609375 
-6.238292094791656e-49 -23.03834612632515 8.5546875 
-1.804702526996354e-49 -22.82890661608583 8.61328125 
-5.185175777092471e-50 -22.61946710584651 8.671875 
-1.479582810266443e-50 -22.41002759560719 8.73046875 
-4.193078635041779e-51 -22.20058808536787 8.7890625 
-1.180170279397039e-51 -21.99114857512855 8.84765625 
-3.29893893294807e-52 -21.78170906488923 8.90625 
-9.158446560861476e-53 -21.57226955464991 8.96484375 
-2.525150640082379e-53 -21.36283004441059 9.0234375 
-6.914657983522857e-54 -21.15339053417127 9.08203125 
-1.880494434167103e-54 -20.94395102393195 9.140625 
-5.079153492797534e-55 -20.73451151369263 9.19921875 
-1.362475052947627e-55 -20.52507200345331 9.2578125 
-3.629808531475601e-56 -20.31563249321399 9.31640625 
-9.604103055408262e-57 -20.10619298297468 9.375 
-2.523758777831768e-57 -19.89675347273536 9.43359375 
-6.586532056038811e-58 -19.68731396249603 9.4921875 
-1.707197293827065e-58 -19.47787445225672 9.55078125 
-4.394693121026136e-59 -19.2684349420174 9.609375 
-1.123547222974887e-59 -19.05899543177808 9.66796875 
-2.85280471630397e-60 -18.84955592153876 9.7265625 
-7.19400430602363e-61 -18.64011641129944 9.78515625 
-1.801719917192698e-61 -18.43067690106012 9.84375 
-4.48148350255176e-62 -18.2212373908208 9.90234375 
-1.10706790668733e-62 -18.01179788058148 9.9609375 
-2.716093125930552e-63 -17.80235837034216 10.01953125 
-6.618094867080395e-64 -17.59291886010284 10.078125 
-1.601545408066833e-64 -17.38347934986352 10.13671875 
-3.849137818850185e-65 -17.1740398396242 10.1953125 
-9.18767454015245e-66 -16.96460032938488 10.25390625 
-2.178039141634917e-66 -16.75516081914556 10.3125 
-5.127948965381552e-67 -16.54572130890624 10.37109375 
-1.199056492224915e-67 -16.33628179866692 10.4296875 
-2.784540455052829e-68 -16.1268422884276 10.48828125 
-6.422222612245101e-69 -15.91740277818828 10.546875 
-1.471076017141597e-69 -15.70796326794897 10.60546875 
-3.346592331966882e-70 -15.49852375770964 10.6640625 
-7.561160283143123e-71 -15.28908424747033 10.72265625 
-1.696649032098854e-71 -15.07964473723101 10.78125 
-3.781059567691511e-72 -14.87020522699169 10.83984375 
-8.368602918920375e-73 -14.66076571675237 10.8984375 
-1.839544677645748e-73 -14.45132620651305 10.95703125 
-4.015925570768631e-74 -14.24188669627373 11.015625 
-8.707207751181085e-75 -14.03244718603441 11.07421875 
-1.874951743901547e-75 -13.82300767579509 11.1328125 
-4.009767754736044e-76 -13.61356816555577 11.19140625 
-8.516600583279515e-77 -13.40412865531645 11.25 
-1.796516776763978e-77 -13.19468914507713 11.30859375 
-3.763693170339576e-78 -12.98524963483781 11.3671875 
-7.83096136207766e-79 -12.77581012459849 11.42578125 
-1.618206300670045e-79 -12.56637061435917 11.484375 
-3.321013422714235e-80 -12.35693110411985 11.54296875 
-6.769012412280273e-81 -12.14749159388053 11.6015625 
-1.370244054864982e-81 -11.93805208364121 11.66015625 
-2.754789880072096e-82 -11.72861257340189 11.71875 
-5.500434125045317e-83 -11.51917306316257 11.77734375 
-1.090745407609808e-83 -11.30973355292326 11.8359375 
-2.148165586540494e-84 -11.10029404268393 11.89453125 
-4.201748494943961e-85 -10.89085453244462 11.953125 
-8.162257429547683e-86 -10.6814150222053 12.01171875 
-1.574738549120937e-86 -10.47197551196598 12.0703125 
-3.017342198868807e-87 -10.26253600172666 12.12890625 
-5.741939478980413e-88 -10.05309649148734 12.1875 
-1.085202014124911e-88 -9.843656981248017 12.24609375 
-2.036950653615402e-89 -9.634217471008698 12.3046875 
-3.797242748910172e-90 -9.424777960769379 12.36328125 
-7.030304750910093e-91 -9.215338450530059 12.421875 
-1.292700383326966e-91 -9.00589894029074 12.48046875 
-2.360693152627738e-92 -8.796459430051421 12.5390625 
-4.281531460176153e-93 -8.5870199198121 12.59765625 
-7.712171437662032e-94 -8.377580409572781 12.65625 
-1.379660235415034e-94 -8.168140899333462 12.71484375 
-2.451238424263539e-95 -7.958701389094142 12.7734375 
-4.325306628180775e-96 -7.749261878854822 12.83203125 
-7.579947230128656e-97 -7.539822368615503 12.890625 
-1.319269129099297e-97 -7.330382858376184 12.94921875 
-2.280439497310398e-98 -7.120943348136864 13.0078125 
-3.914908762132451e-99 -6.911503837897545 13.06640625 
-6.674867857844348e-100 -6.702064327658225 13.125 
-1.130268530918365e-100 -6.492624817418905 13.18359375 
-1.900809247726873e-101 -6.283185307179586 13.2421875 
-3.174778077810808e-102 -6.073745796940266 13.30078125 
-5.266306673363874e-103 -5.864306286700947 13.359375 
-8.675946300478248e-104 -5.654866776461628 13.41796875 
-1.419533026686648e-104 -5.445427266222308 13.4765625 
-2.306705141282009e-105 -5.235987755982988 13.53515625 
-3.722687683506365e-106 -5.026548245743669 13.59375 
-5.966766705404692e-107 -4.817108735504349 13.65234375 
-9.498159305894328e-108 -4.607669225265029 13.7109375 
-1.501612163682543e-108 -4.39822971502571 13.76953125 
-2.357729851679504e-109 -4.188790204786391 13.828125 
-3.67661574979764e-110 -3.979350694547071 13.88671875 
-5.69403825774521e-111 -3.769911184307752 13.9453125 
-8.758111194664916e-112 -3.560471674068432 14.00390625 
-1.33788401612905e-112 -3.351032163829113 14.0625 
-2.029758702340075e-113 -3.141592653589793 14.12109375 
-3.058357819979022e-114 -2.932153143350473 14.1796875 
-4.57667544110657e-115 -2.722713633111154 14.23828125 
-6.801894183520227e-116 -2.513274122871834 14.296875 
-1.003985785389675e-116 -2.303834612632515 14.35546875 
-1.471781003592484e-117 -2.094395102393195 14.4140625 
-2.142775927313231e-118 -1.884955592153876 14.47265625 
-3.098334198990137e-119 -1.675516081914556 14.53125 
-4.449361567818031e-120 -1.466076571675237 14.58984375 
-6.345780913338417e-121 -1.256637061435917 14.6484375 
-8.988565458098311e-122 -1.047197551196598 14.70703125 
-1.264484858498342e-122 -0.8377580409572781 14.765625 
-1.766667491054042e-123 -0.6283185307179586 14.82421875 
-2.451398625472585e-124 -0.4188790204786391 14.8828125 
-3.378243854593023e-125 -0.2094395102393195 14.94140625 
