25.05042327545576 12.533141373155  12.51728190230076
25.05385844114447 12.533141373155  12.52071706798946
25.05273314602546 12.533141373155  12.51959177287046
25.0510746274533 12.533141373155  12.51793325429829
25.0509320764622 12.533141373155  12.5177907033072
25.05120899418924 12.533141373155  12.51806762103424
25.05132790238 12.533141373155  12.51818652922499
25.05135018454695 12.533141373155  12.51820881139195
25.05135250320004 12.533141373155  12.51821113004503
25.05135264789756 12.533141373155  12.51821127474255
25.0513526535097 12.533141373155  12.5182112803547
25.05135265364765 12.533141373155  12.51821128049264
25.05135265364984 12.533141373155  12.51821128049484
25.05135265364988 12.533141373155  12.51821128049488
25.05135265364984 12.533141373155  12.51821128049483
25.05135265364982 12.533141373155  12.51821128049482
25.05135265364983 12.533141373155  12.51821128049482
25.05135265364982 12.533141373155  12.51821128049482
25.05135265365126 12.533141373155  12.51821128049626
25.05135265382474 12.533141373155  12.51821128066973
25.05135266851641 12.533141373155  12.5182112953614
25.05135351454256 12.533141373155  12.51821214138755
25.05138662036533 12.533141373155  12.51824524721032
25.05226617172791 12.533141373155  12.51912479857291
25.06810454794168 12.533141373155  12.53496317478668
25.26083304726011 12.533141373155  12.72769167410511
26.83754527872331 12.533141373155  14.3044039055683
35.43410377193949 12.533141373155  22.90096239878449
66.17656864841791 12.533141373155  53.64342727526291
135.9800432152546 12.533141373155  123.4469018420995
228.6436030364139 12.533141373155  216.1104616632589
279.0390715250369 12.533141373155  266.505930151882
240.1605335289332 12.533141373155  227.6273921557782
148.5511617910897 12.533141373155  136.0180204179347
73.03624040364177 12.533141373155  60.50309903048677
37.64479517265174 12.533141373155  25.11165379949673
27.27905021083274 12.533141373155  14.74590883767774
25.31632880289891 12.533141373155  12.7831874297439
25.0724903697699 12.533141373155  12.5393489966149
25.05248027868222 12.533141373155  12.51933890552722
25.05139275617184 12.533141373155  12.51825138301684
25.05135360122047 12.533141373155  12.51821222806547
25.05135266847174 12.533141373155  12.51821129531674
25.05135265380277 12.533141373155  12.51821128064777
25.05135265365102 12.533141373155  12.51821128049601
25.05135265365003 12.533141373155  12.51821128049502
25.05135265365006 12.533141373155  12.51821128049505
25.05135265365006 12.533141373155  12.51821128049505
25.05135265365004 12.533141373155  12.51821128049503
25.05135265364993 12.533141373155  12.51821128049493
25.05135265364985 12.533141373155  12.51821128049484
25.05135265364758 12.533141373155  12.51821128049257
25.05135265351893 12.533141373155  12.51821128036392
25.05135264867421 12.533141373155  12.5182112755192
25.05135252983489 12.533141373155  12.51821115667989
25.05135066801589 12.533141373155  12.51820929486088
25.05133268711387 12.533141373155  12.51819131395887
25.05123303318502 12.533141373155  12.51809166003001
25.05097469292944 12.533141373155  12.51783331977443
25.05099711648238 12.533141373155  12.51785574332737
25.05242547403568 12.533141373155  12.51928410088068
25.05389931309244 12.533141373155  12.52075793993744
25.05113001716204 12.533141373155  12.51798864400704
25.04726537834771 12.533141373155  12.51412400519271
25.04970301113122 12.533141373155  12.51656163797622
25.05370193857464 12.533141373155  12.52056056541963
25.05305180822067 12.533141373155  12.51991043506566
25.0511871579883 12.533141373155  12.5180457848333
25.05089096067582 12.533141373155  12.51774958752081
25.05118064613176 12.533141373155  12.51803927297676
25.05132194840127 12.533141373155  12.51818057524626
25.05134957885789 12.533141373155  12.51820820570289
25.05135247102627 12.533141373155  12.51821109787126
25.05135264705101 12.533141373155  12.51821127389601
25.05135265350299 12.533141373155  12.51821128034798
25.05135265364783 12.533141373155  12.51821128049282
25.05135265364993 12.533141373155  12.51821128049492
25.05135265364996 12.533141373155  12.51821128049496
25.05135265364999 12.533141373155  12.51821128049498
25.05135265365011 12.533141373155  12.51821128049511
25.0513526536501 12.533141373155  12.51821128049509
25.05135265364986 12.533141373155  12.51821128049486
25.05135265365147 12.533141373155  12.51821128049647
25.05135265384143 12.533141373155  12.51821128068643
25.05135266820773 12.533141373155  12.51821129505273
25.05135342678196 12.533141373155  12.51821205362696
25.05138131423287 12.533141373155  12.51823994107787
25.05209301614081 12.533141373155  12.5189516429858
25.06465436798261 12.533141373155  12.5315129948276
25.21722211681039 12.533141373155  12.68408074365539
26.48361748892628 12.533141373155  13.95047611577128
33.59386422304962 12.533141373155  21.06072284989462
60.14745596688192 12.533141373155  47.61431459372692
124.075355253951 12.533141373155  111.542213880796
216.3057245544753 12.533141373155  203.7725831813203
277.0094928768828 12.533141373155  264.4763515037278
250.587088610709 12.533141373155  238.053947237554
161.652320985758 12.533141373155  149.119179612603
80.77927011909486 12.533141373155  68.24612874593986
40.28972744905749 12.533141373155  27.75658607590249
27.8294211866304 12.533141373155  15.29627981347539
25.38708285131084 12.533141373155  12.85394147815584
25.07808179782352 12.533141373155  12.54494042466851
25.05274521790532 12.533141373155  12.51960384475031
25.05139978792057 12.533141373155  12.51825841476556
25.0513536820312 12.533141373155  12.51821230887619
25.05135266799189 12.533141373155  12.51821129483688
25.05135265377691 12.533141373155  12.5182112806219
25.05135265365095 12.533141373155  12.51821128049595
25.05135265365015 12.533141373155  12.51821128049515
25.05135265365023 12.533141373155  12.51821128049523
25.05135265365044 12.533141373155  12.51821128049544
25.05135265365041 12.533141373155  12.51821128049541
25.05135265365007 12.533141373155  12.51821128049507
25.05135265364989 12.533141373155  12.51821128049488
25.05135265364772 12.533141373155  12.51821128049272
25.05135265352957 12.533141373155  12.51821128037457
25.05135264937307 12.533141373155  12.51821127621807
25.05135255183993 12.533141373155  12.51821117868493
25.05135105472813 12.533141373155  12.51820968157312
25.05133653511703 12.533141373155  12.51819516196203
25.05125329884495 12.533141373155  12.51811192568995
25.05101677101134 12.533141373155  12.51787539785633
25.05094893586686 12.533141373155  12.51780756271186
25.05214050562824 12.533141373155  12.51899913247324
25.05384008131114 12.533141373155  12.52069870815614
25.05178750304922 12.533141373155  12.51864612989421
25.04752095552669 12.533141373155  12.51437958237168
