0
0
0
0
0
0
0
0
0
0
0
0
0
0
0
0
0
0
0
0
0
0
0
0
0
0
0
0
0
0
0
0
0
0
0
0
0
0
0
0
0
0
0
0
0
0
0
0
0
0
0
0
0.002461731997293891
0.004868372993075249
0.007215083634043886
0.009497062891428723
0.01170956700213808
0.01384792818434301
0.01590757305360872
0.01788404066687226
0.01977300012303518
0.02157026765069119
0.02327182311553386
0.02487382588228153
0.02637262996850495
0.02776479843053894
0.02904711692469113
0.03021660639021683
0.03127053480399582
0.03220642796051162
0.03302207923458147
0.03371555828830081
0.03428521868783344
0.03472970439998219
0.03504795514289636
0.03523921056979559
0.03530301326919591
0.03523921056979559
0.03504795514289637
0.03472970439998219
0.03428521868783344
0.03371555828830081
0.03302207923458148
0.03220642796051164
0.03127053480399586
0.03021660639021687
0.02904711692469117
0.02776479843053898
0.02637262996850499
0.02487382588228157
0.0232718231155339
0.02157026765069122
0.01977300012303521
0.01788404066687228
0.01590757305360875
0.01384792818434303
0.01170956700213809
0.009497062891428735
0.007215083634043895
0.004868372993075255
0.002461731997293894
0
0
0.004868372993075249
0.009626960479178945
0.01426628122073127
0.01877692906727985
0.02314961006466948
0.02737517912229169
0.03144467609365899
0.03534936112786705
0.03908074915238888
0.04263064335107583
0.04599116750520899
0.04915479706993351
0.05211438886340262
0.05486320925143462
0.05739496071642651
0.05970380670564664
0.06178439466082106
0.06363187713810821
0.06524193093509467
0.06661077414931234
0.06773518110094172
0.06861249506079808
0.06924063873335935
0.06961812245345697
0.06974405006427516
0.06961812245345698
0.06924063873335937
0.06861249506079808
0.06773518110094173
0.06661077414931235
0.0652419309350947
0.06363187713810825
0.06178439466082113
0.05970380670564672
0.05739496071642659
0.0548632092514347
0.05211438886340271
0.04915479706993359
0.04599116750520906
0.0426306433510759
0.03908074915238893
0.0353493611278671
0.03144467609365904
0.02737517912229173
0.02314961006466951
0.01877692906727987
0.01426628122073129
0.009626960479178957
0.004868372993075255
0
0
0.007215083634043887
0.01426628122073127
0.02113966711397289
0.02782142595521896
0.03429790717751671
0.0405556788605075
0.04658158072375331
0.05236277604918763
0.0578868023277167
0.06314162043003671
0.06811566210756079
0.07279787563594387
0.07717776942102758
0.08124545339507262
0.08499167803986943
0.08840787088268766
0.09148617032100137
0.09421945664247167
0.09660138011774098
0.09862638605514797
0.1002897367184646
0.10158753002114
0.1025167149232603
0.1030751034704478
0.1032613794271797
0.1030751034704478
0.1025167149232603
0.10158753002114
0.1002897367184646
0.09862638605514798
0.09660138011774103
0.09421945664247172
0.09148617032100145
0.08840787088268777
0.08499167803986954
0.08124545339507273
0.07717776942102769
0.07279787563594398
0.0681156621075609
0.06314162043003681
0.05788680232771677
0.0523627760491877
0.04658158072375338
0.04055567886050755
0.03429790717751676
0.027821425955219
0.02113966711397292
0.01426628122073129
0.007215083634043895
0
0
0.009497062891428725
0.01877692906727985
0.02782142595521896
0.03661252490842497
0.04513241233140376
0.05336355995881359
0.06128879400985187
0.06889136294519706
0.07615500355902055
0.08306400514515996
0.089603271484151
0.09575838040642051
0.1015156406965143
0.1068621461137307
0.1117858263159179
0.1162754944854157
0.1203208914691458
0.1239127262586119
0.1270427126500224
0.1297036019398257
0.1318892115265995
0.1335944493063924
0.1348153337652253
0.1355490096894393
0.1357937594318789
0.1355490096894393
0.1348153337652253
0.1335944493063924
0.1318892115265995
0.1297036019398258
0.1270427126500224
0.1239127262586119
0.1203208914691459
0.1162754944854158
0.111785826315918
0.1068621461137309
0.1015156406965144
0.09575838040642067
0.08960327148415112
0.08306400514516009
0.07615500355902066
0.06889136294519715
0.06128879400985195
0.05336355995881367
0.04513241233140382
0.03661252490842502
0.02782142595521899
0.01877692906727987
0.009497062891428735
0
0
0.01170956700213808
0.02314961006466948
0.03429790717751671
0.04513241233140376
0.05563134249229495
0.06577326354012918
0.07553717483257456
0.08490259205996253
0.09384962806431221
0.1023590713033978
0.1104124616501123
0.1179921632279046
0.125081433994768
0.1316644918011005
0.1377265766606731
0.1432540089888986
0.1482342435785093
0.1526559190995821
0.1565089029285174
0.1597843311290147
0.1624746434272299
0.1645736130430552
0.1660763712597682
0.1669794266350687
0.1672806787776706
0.1669794266350687
0.1660763712597682
0.1645736130430553
0.16247464342723
0.1597843311290148
0.1565089029285175
0.1526559190995822
0.1482342435785094
0.1432540089888988
0.1377265766606733
0.1316644918011007
0.1250814339947682
0.1179921632279047
0.1104124616501125
0.1023590713033979
0.09384962806431235
0.08490259205996266
0.07553717483257466
0.06577326354012926
0.05563134249229502
0.04513241233140382
0.03429790717751675
0.0231496100646695
0.01170956700213809
0
0
0.01384792818434301
0.02737517912229168
0.04055567886050749
0.05336355995881359
0.06577326354012919
0.07775964012519399
0.0892980488539981
0.100364454702209
0.1109355233088093
0.120988713040595
0.1305023639300967
0.139455783135833
0.1478293265875384
0.1556044764940701
0.1627639144080327
0.169291589558704
0.1751727821835216
0.1803941616081386
0.1849438388457821
0.1888114135082901
0.1919880148436504
0.1944663367380549
0.1962406665443054
0.197306907622776
0.1976625955059573
0.197306907622776
0.1962406665443055
0.194466336738055
0.1919880148436505
0.1888114135082902
0.1849438388457821
0.1803941616081386
0.1751727821835218
0.1692915895587041
0.1627639144080329
0.1556044764940703
0.1478293265875386
0.1394557831358332
0.1305023639300969
0.1209887130405952
0.1109355233088095
0.1003644547022091
0.08929804885399821
0.07775964012519408
0.06577326354012927
0.05336355995881366
0.04055567886050754
0.02737517912229172
0.01384792818434303
0
0
0.01590757305360872
0.03144467609365898
0.0465815807237533
0.06128879400985187
0.07553717483257458
0.0892980488539981
0.102543321645069
0.1152455895270244
0.1273782476892434
0.1389155951567121
0.1498329361927263
0.160106677736534
0.1697144224912771
0.1786350572947648
0.1868488364242373
0.1943374595062768
0.2010841437243234
0.2070736900387627
0.2122925431581903
0.2167288450251249
0.2203724816050422
0.2232151227940408
0.2252502552876087
0.22647320828075
0.2268811718980243
0.22647320828075
0.2252502552876088
0.2232151227940409
0.2203724816050424
0.216728845025125
0.2122925431581904
0.2070736900387627
0.2010841437243235
0.194337459506277
0.1868488364242376
0.1786350572947651
0.1697144224912774
0.1601066777365343
0.1498329361927265
0.1389155951567123
0.1273782476892435
0.1152455895270245
0.1025433216450692
0.08929804885399821
0.07553717483257467
0.06128879400985195
0.04658158072375337
0.03144467609365902
0.01590757305360874
0
0
0.01788404066687226
0.03534936112786705
0.05236277604918763
0.06889136294519707
0.08490259205996255
0.100364454702209
0.1152455895270244
0.129515406265775
0.1431442064157717
0.1561033004132362
0.1683651208270094
0.1799033311261539
0.1906929295920832
0.200710347965021
0.2099335444353838
0.2183420906130055
0.2259172521308993
0.2326420625653802
0.2385013903807567
0.2434819986343357
0.2475725972060648
0.2507638873466426
0.2530485983682527
0.2544215163330902
0.2548795046264389
0.2544215163330903
0.2530485983682528
0.2507638873466427
0.2475725972060649
0.2434819986343358
0.2385013903807568
0.2326420625653803
0.2259172521308995
0.2183420906130057
0.2099335444353841
0.2007103479650213
0.1906929295920834
0.1799033311261542
0.1683651208270097
0.1561033004132364
0.1431442064157718
0.1295154062657752
0.1152455895270245
0.1003644547022091
0.08490259205996266
0.06889136294519717
0.05236277604918771
0.0353493611278671
0.01788404066687228
0
0
0.01977300012303519
0.03908074915238888
0.05788680232771671
0.07615500355902056
0.09384962806431223
0.1109355233088093
0.1273782476892434
0.1431442064157716
0.1582007840550586
0.1725164732112796
0.1860609988370579
0.1988054376835967
0.2107223324184706
0.2217857999605874
0.2319716336046694
0.2412573985321178
0.2496225203312377
0.2570483661773956
0.2635183183526593
0.2690178398147099
0.2735345315562019
0.277058181528154
0.279580804934253
0.2810966757370168
0.2816023492514513
0.2810966757370169
0.279580804934253
0.2770581815281541
0.273534531556202
0.26901783981471
0.2635183183526594
0.2570483661773958
0.2496225203312379
0.241257398532118
0.2319716336046697
0.2217857999605878
0.210722332418471
0.198805437683597
0.1860609988370582
0.1725164732112799
0.1582007840550587
0.1431442064157719
0.1273782476892435
0.1109355233088095
0.09384962806431234
0.07615500355902066
0.05788680232771679
0.03908074915238893
0.01977300012303521
0
0
0.0215702676506912
0.04263064335107585
0.06314162043003674
0.08306400514515999
0.1023590713033978
0.1209887130405951
0.1389155951567121
0.1561033004132361
0.1725164732112796
0.1881209590831574
0.2028839394467742
0.2167740610908587
0.2297615598798879
0.2418183781903696
0.2529182756149002
0.2630369324969958
0.2721520458879947
0.2802434175472495
0.2872930336382359
0.2932851358059856
0.2982062833552737
0.3020454062841236
0.3047938489632841
0.3064454042892649
0.3069963381761145
0.306445404289265
0.3047938489632842
0.3020454062841237
0.2982062833552738
0.2932851358059857
0.2872930336382361
0.2802434175472497
0.2721520458879949
0.2630369324969961
0.2529182756149006
0.2418183781903699
0.2297615598798884
0.2167740610908591
0.2028839394467745
0.1881209590831577
0.1725164732112799
0.1561033004132364
0.1389155951567123
0.1209887130405952
0.1023590713033979
0.08306400514516007
0.06314162043003681
0.0426306433510759
0.02157026765069122
0
0
0.02327182311553386
0.045991167505209
0.06811566210756081
0.08960327148415101
0.1104124616501123
0.1305023639300967
0.1498329361927263
0.1683651208270094
0.1860609988370579
0.2028839394467742
0.2187987446239137
0.2337717879529892
0.2477711473088023
0.2607667308068622
0.2727303955334995
0.2836360585869867
0.2934597999913346
0.3021799570765185
0.3097772099525735
0.316234657740162
0.3215378852566987
0.3256750198948008
0.3286367784685429
0.3304165038425985
0.3310101911996812
0.3304165038425985
0.3286367784685429
0.3256750198948009
0.3215378852566988
0.3162346577401621
0.3097772099525737
0.3021799570765187
0.2934597999913349
0.283636058586987
0.2727303955334999
0.2607667308068626
0.2477711473088027
0.2337717879529896
0.218798744623914
0.2028839394467745
0.1860609988370582
0.1683651208270097
0.1498329361927265
0.1305023639300969
0.1104124616501125
0.08960327148415111
0.06811566210756088
0.04599116750520905
0.02327182311553389
0
0
0.02487382588228153
0.04915479706993352
0.07279787563594388
0.09575838040642051
0.1179921632279046
0.139455783135833
0.160106677736534
0.1799033311261539
0.1988054376835967
0.2167740610908588
0.2337717879529892
0.2497628754112362
0.2647133921666574
0.2785913523574912
0.2913668417618043
0.303012135827227
0.3135018090618572
0.3228128353545181
0.3309246788283611
0.3378193748691786
0.3434816010085753
0.3478987373821973
0.3510609165243657
0.3529610623025604
0.3535949178380651
0.3529610623025604
0.3510609165243657
0.3478987373821974
0.3434816010085754
0.3378193748691787
0.3309246788283614
0.3228128353545184
0.3135018090618574
0.3030121358272273
0.2913668417618048
0.2785913523574917
0.2647133921666579
0.2497628754112367
0.2337717879529896
0.2167740610908591
0.198805437683597
0.1799033311261542
0.1601066777365342
0.1394557831358332
0.1179921632279047
0.09575838040642064
0.07279787563594396
0.04915479706993357
0.02487382588228156
0
0
0.02637262996850495
0.05211438886340262
0.07717776942102758
0.1015156406965143
0.125081433994768
0.1478293265875383
0.169714422491277
0.1906929295920831
0.2107223324184705
0.2297615598798879
0.2477711473088022
0.2647133921666573
0.2805525027990359
0.2952547396528003
0.308788548397751
0.3211246844273009
0.3322363282467014
0.3420991912933294
0.3506916117713155
0.3579946401222144
0.3639921137943323
0.3686707210155644
0.3720200533180116
0.3740326466070397
0.3747040106126693
0.3740326466070397
0.3720200533180116
0.3686707210155645
0.3639921137943324
0.3579946401222147
0.3506916117713157
0.3420991912933298
0.3322363282467018
0.3211246844273014
0.3087885483977515
0.2952547396528008
0.2805525027990364
0.2647133921666579
0.2477711473088027
0.2297615598798883
0.2107223324184709
0.1906929295920834
0.1697144224912773
0.1478293265875386
0.1250814339947682
0.1015156406965144
0.07717776942102768
0.05211438886340269
0.02637262996850498
0
0
0.02776479843053893
0.05486320925143461
0.08124545339507261
0.1068621461137307
0.1316644918011005
0.15560447649407
0.1786350572947647
0.2007103479650209
0.2217857999605874
0.2418183781903694
0.2607667308068621
0.2785913523574911
0.2952547396528002
0.3107215397361779
0.3249586893710044
0.337935545494589
0.3496240061239324
0.3599986212360401
0.369036693185094
0.3767183662600936
0.3830267050294448
0.3879477611632403
0.3914706284694593
0.3935874859268377
0.3942936285445425
0.3935874859268377
0.3914706284694595
0.3879477611632405
0.383026705029445
0.3767183662600939
0.3690366931850944
0.3599986212360405
0.3496240061239329
0.3379355454945895
0.3249586893710049
0.3107215397361785
0.2952547396528009
0.2785913523574917
0.2607667308068626
0.2418183781903699
0.2217857999605877
0.2007103479650212
0.178635057294765
0.1556044764940702
0.1316644918011007
0.1068621461137308
0.08124545339507271
0.05486320925143467
0.02776479843053897
0
0
0.02904711692469112
0.0573949607164265
0.0849916780398694
0.1117858263159178
0.1377265766606731
0.1627639144080325
0.1868488364242372
0.2099335444353836
0.2319716336046692
0.2529182756149
0.2727303955334994
0.2913668417618043
0.3087885483977509
0.3249586893710044
0.3398428237420717
0.353409031591827
0.3656280399650225
0.3764733383706272
0.3859212833830594
0.3939511919314094
0.4005454229083985
0.4056894467769333
0.4093719028994903
0.4115846443640305
0.4123227701295007
0.4115846443640305
0.4093719028994904
0.4056894467769335
0.4005454229083986
0.3939511919314096
0.3859212833830598
0.3764733383706276
0.365628039965023
0.3534090315918274
0.3398428237420721
0.3249586893710049
0.3087885483977515
0.2913668417618048
0.2727303955334999
0.2529182756149005
0.2319716336046696
0.209933544435384
0.1868488364242375
0.1627639144080328
0.1377265766606733
0.111785826315918
0.08499167803986951
0.05739496071642657
0.02904711692469115
0
0
0.03021660639021682
0.05970380670564662
0.08840787088268763
0.1162754944854156
0.1432540089888985
0.1692915895587038
0.1943374595062767
0.2183420906130054
0.2412573985321176
0.2630369324969957
0.2836360585869865
0.3030121358272269
0.3211246844273009
0.337935545494589
0.353409031591827
0.367512067544541
0.3802143209425227
0.3914883218201894
0.4013095710433962
0.4096566369748506
0.4165112400365504
0.4218583248354428
0.4256861195675948
0.4279861824663876
0.4287534351113843
0.4279861824663876
0.4256861195675948
0.4218583248354428
0.4165112400365505
0.4096566369748507
0.4013095710433965
0.3914883218201898
0.3802143209425232
0.3675120675445414
0.3534090315918274
0.3379355454945895
0.3211246844273014
0.3030121358272274
0.283636058586987
0.2630369324969961
0.2412573985321179
0.2183420906130057
0.194337459506277
0.1692915895587041
0.1432540089888987
0.1162754944854158
0.08840787088268774
0.05970380670564669
0.03021660639021686
0
0
0.0312705348039958
0.06178439466082103
0.09148617032100131
0.1203208914691457
0.1482342435785091
0.1751727821835215
0.2010841437243232
0.2259172521308991
0.2496225203312375
0.2721520458879945
0.2934597999913345
0.313501809061857
0.3322363282467014
0.3496240061239325
0.3656280399650225
0.3802143209425227
0.3933515687097145
0.4050114548209894
0.4151687145057579
0.4238012463546682
0.4308901995246299
0.4364200481184085
0.440378652445185
0.442757306920262
0.4435507744148388
0.442757306920262
0.440378652445185
0.4364200481184086
0.43089019952463
0.4238012463546684
0.4151687145057582
0.4050114548209898
0.393351568709715
0.3802143209425232
0.365628039965023
0.3496240061239329
0.3322363282467018
0.3135018090618575
0.293459799991335
0.2721520458879949
0.2496225203312379
0.2259172521308994
0.2010841437243235
0.1751727821835217
0.1482342435785093
0.1203208914691458
0.09148617032100143
0.06178439466082111
0.03127053480399584
0
0
0.03220642796051159
0.06363187713810815
0.09421945664247158
0.1239127262586118
0.152655919099582
0.1803941616081384
0.2070736900387625
0.23264206256538
0.2570483661773955
0.2802434175472494
0.3021799570765183
0.322812835354518
0.3420991912933294
0.35999862123604
0.3764733383706272
0.3914883218201893
0.4050114548209893
0.4170136514428499
0.4274689713516777
0.4363547221610978
0.4436515489691697
0.4493435107267492
0.4534181431360379
0.4558665078310359
0.4566832276457636
0.4558665078310359
0.453418143136038
0.4493435107267494
0.4436515489691699
0.436354722161098
0.427468971351678
0.4170136514428502
0.4050114548209898
0.3914883218201898
0.3764733383706276
0.3599986212360405
0.3420991912933298
0.3228128353545184
0.3021799570765187
0.2802434175472496
0.2570483661773957
0.2326420625653802
0.2070736900387627
0.1803941616081386
0.1526559190995822
0.1239127262586119
0.09421945664247168
0.06363187713810822
0.03220642796051162
0
0
0.03302207923458143
0.06524193093509462
0.0966013801177409
0.1270427126500223
0.1565089029285173
0.1849438388457819
0.2122925431581902
0.2385013903807565
0.2635183183526592
0.2872930336382358
0.3097772099525733
0.330924678828361
0.3506916117713154
0.3690366931850939
0.3859212833830593
0.401309571043396
0.4151687145057577
0.4274689713516776
0.4381838157572253
0.4472900431546669
0.4547678617899824
0.4606009708148252
0.4647766246046632
0.4672856830492116
0.4681226476166424
0.4672856830492116
0.4647766246046633
0.4606009708148253
0.4547678617899825
0.4472900431546671
0.4381838157572256
0.4274689713516779
0.4151687145057582
0.4013095710433965
0.3859212833830598
0.3690366931850943
0.3506916117713157
0.3309246788283614
0.3097772099525736
0.2872930336382361
0.2635183183526594
0.2385013903807567
0.2122925431581903
0.1849438388457821
0.1565089029285174
0.1270427126500224
0.09660138011774098
0.06524193093509469
0.03302207923458148
0
0
0.03371555828830076
0.06661077414931225
0.09862638605514785
0.1297036019398256
0.1597843311290146
0.1888114135082899
0.2167288450251247
0.2434819986343355
0.2690178398147097
0.2932851358059854
0.3162346577401617
0.3378193748691783
0.3579946401222142
0.3767183662600934
0.3939511919314092
0.4096566369748503
0.4238012463546679
0.4363547221610976
0.4472900431546667
0.4565835713824922
0.4642151454457061
0.4701681600498445
0.4744296315241806
0.476990249051372
0.4778444114051983
0.4769902490513721
0.4744296315241807
0.4701681600498447
0.4642151454457064
0.4565835713824925
0.4472900431546671
0.436354722161098
0.4238012463546684
0.4096566369748507
0.3939511919314096
0.3767183662600938
0.3579946401222146
0.3378193748691787
0.316234657740162
0.2932851358059856
0.2690178398147099
0.2434819986343357
0.2167288450251249
0.1888114135082901
0.1597843311290147
0.1297036019398257
0.09862638605514794
0.06661077414931234
0.03371555828830081
0
0
0.0342852186878334
0.06773518110094164
0.1002897367184644
0.1318892115265994
0.1624746434272298
0.1919880148436502
0.2203724816050421
0.2475725972060646
0.2735345315562017
0.2982062833552735
0.3215378852566984
0.343481601008575
0.363992113794332
0.3830267050294446
0.4005454229083983
0.4165112400365502
0.4308901995246297
0.4436515489691695
0.4547678617899822
0.4642151454457061
0.4719729361002474
0.4780243793664288
0.4823562968081164
0.4849592379383152
0.4858275175079753
0.4849592379383154
0.4823562968081165
0.4780243793664289
0.4719729361002477
0.4642151454457064
0.4547678617899825
0.4436515489691698
0.43089019952463
0.4165112400365505
0.4005454229083986
0.3830267050294449
0.3639921137943324
0.3434816010085753
0.3215378852566987
0.2982062833552737
0.2735345315562018
0.2475725972060648
0.2203724816050422
0.1919880148436504
0.1624746434272299
0.1318892115265995
0.1002897367184645
0.0677351811009417
0.03428521868783344
0
0
0.03472970439998216
0.068612495060798
0.1015875300211399
0.1335944493063923
0.1645736130430551
0.1944663367380548
0.2232151227940407
0.2507638873466424
0.2770581815281538
0.3020454062841232
0.3256750198948005
0.3478987373821969
0.3686707210155641
0.3879477611632401
0.4056894467769331
0.4218583248354426
0.4364200481184083
0.4493435107267491
0.4606009708148251
0.4701681600498445
0.4780243793664288
0.4841525806383525
0.4885394339450657
0.4911753801674708
0.4920546687053374
0.4911753801674709
0.4885394339450658
0.4841525806383526
0.4780243793664289
0.4701681600498447
0.4606009708148253
0.4493435107267494
0.4364200481184086
0.4218583248354428
0.4056894467769334
0.3879477611632404
0.3686707210155644
0.3478987373821972
0.3256750198948007
0.3020454062841235
0.2770581815281539
0.2507638873466425
0.2232151227940408
0.1944663367380549
0.1645736130430552
0.1335944493063924
0.10158753002114
0.06861249506079807
0.03472970439998219
0
0
0.03504795514289634
0.0692406387333593
0.1025167149232602
0.1348153337652252
0.166076371259768
0.1962406665443053
0.2252502552876085
0.2530485983682525
0.2795808049342527
0.3047938489632838
0.3286367784685425
0.3510609165243653
0.3720200533180112
0.3914706284694591
0.40937190289949
0.4256861195675945
0.4403786524451848
0.4534181431360378
0.4647766246046631
0.4744296315241805
0.4823562968081164
0.4885394339450657
0.4929656048112112
0.4956251726930157
0.496512340310786
0.4956251726930158
0.4929656048112113
0.4885394339450658
0.4823562968081165
0.4744296315241808
0.4647766246046633
0.4534181431360381
0.440378652445185
0.4256861195675948
0.4093719028994903
0.3914706284694594
0.3720200533180115
0.3510609165243656
0.3286367784685428
0.304793848963284
0.2795808049342529
0.2530485983682527
0.2252502552876086
0.1962406665443054
0.1660763712597682
0.1348153337652253
0.1025167149232603
0.06924063873335935
0.03504795514289637
0
0
0.03523921056979556
0.06961812245345692
0.1030751034704478
0.1355490096894392
0.1669794266350685
0.1973069076227758
0.2264732082807498
0.25442151633309
0.2810966757370165
0.3064454042892645
0.330416503842598
0.35296106230256
0.3740326466070393
0.3935874859268373
0.4115846443640302
0.4279861824663874
0.4427573069202618
0.4558665078310357
0.4672856830492115
0.4769902490513719
0.4849592379383152
0.4911753801674708
0.4956251726930156
0.4982989322447167
0.4991908335351837
0.4982989322447167
0.4956251726930158
0.4911753801674709
0.4849592379383155
0.4769902490513722
0.4672856830492118
0.455866507831036
0.4427573069202621
0.4279861824663876
0.4115846443640305
0.3935874859268377
0.3740326466070397
0.3529610623025603
0.3304165038425984
0.3064454042892648
0.2810966757370167
0.2544215163330901
0.2264732082807499
0.1973069076227759
0.1669794266350687
0.1355490096894393
0.1030751034704478
0.06961812245345696
0.03523921056979558
0
0
0.03530301326919588
0.06974405006427509
0.1032613794271796
0.1357937594318788
0.1672806787776704
0.1976625955059571
0.226881171898024
0.2548795046264386
0.2816023492514509
0.3069963381761141
0.3310101911996807
0.3535949178380647
0.3747040106126689
0.3942936285445421
0.4123227701295004
0.428753435111384
0.4435507744148386
0.4566832276457635
0.4681226476166423
0.4778444114051982
0.4858275175079751
0.4920546687053374
0.4965123403107859
0.4991908335351836
0.5000843137552381
0.4991908335351837
0.4965123403107861
0.4920546687053375
0.4858275175079754
0.4778444114051985
0.4681226476166425
0.4566832276457637
0.4435507744148389
0.4287534351113843
0.4123227701295007
0.3942936285445424
0.3747040106126693
0.353594917838065
0.3310101911996811
0.3069963381761144
0.2816023492514512
0.2548795046264388
0.2268811718980241
0.1976625955059572
0.1672806787776705
0.1357937594318789
0.1032613794271796
0.06974405006427513
0.0353030132691959
0
0
0.03523921056979556
0.06961812245345692
0.1030751034704478
0.1355490096894392
0.1669794266350685
0.1973069076227758
0.2264732082807498
0.25442151633309
0.2810966757370165
0.3064454042892645
0.330416503842598
0.35296106230256
0.3740326466070393
0.3935874859268373
0.4115846443640302
0.4279861824663874
0.4427573069202618
0.4558665078310357
0.4672856830492115
0.4769902490513719
0.4849592379383152
0.4911753801674708
0.4956251726930156
0.4982989322447167
0.4991908335351837
0.4982989322447167
0.4956251726930158
0.4911753801674709
0.4849592379383155
0.4769902490513722
0.4672856830492118
0.455866507831036
0.4427573069202621
0.4279861824663876
0.4115846443640305
0.3935874859268377
0.3740326466070397
0.3529610623025603
0.3304165038425984
0.3064454042892648
0.2810966757370167
0.2544215163330901
0.2264732082807499
0.1973069076227759
0.1669794266350687
0.1355490096894393
0.1030751034704478
0.06961812245345696
0.03523921056979558
0
0
0.03504795514289634
0.0692406387333593
0.1025167149232602
0.1348153337652252
0.166076371259768
0.1962406665443053
0.2252502552876085
0.2530485983682525
0.2795808049342527
0.3047938489632838
0.3286367784685425
0.3510609165243653
0.3720200533180112
0.3914706284694591
0.40937190289949
0.4256861195675945
0.4403786524451848
0.4534181431360378
0.4647766246046631
0.4744296315241805
0.4823562968081164
0.4885394339450657
0.4929656048112112
0.4956251726930157
0.496512340310786
0.4956251726930158
0.4929656048112113
0.4885394339450658
0.4823562968081165
0.4744296315241808
0.4647766246046633
0.4534181431360381
0.440378652445185
0.4256861195675948
0.4093719028994903
0.3914706284694594
0.3720200533180115
0.3510609165243656
0.3286367784685428
0.304793848963284
0.2795808049342529
0.2530485983682527
0.2252502552876086
0.1962406665443054
0.1660763712597682
0.1348153337652253
0.1025167149232603
0.06924063873335935
0.03504795514289637
0
0
0.03472970439998216
0.068612495060798
0.1015875300211399
0.1335944493063923
0.1645736130430551
0.1944663367380548
0.2232151227940407
0.2507638873466424
0.2770581815281538
0.3020454062841232
0.3256750198948005
0.3478987373821969
0.3686707210155641
0.3879477611632401
0.4056894467769331
0.4218583248354426
0.4364200481184083
0.4493435107267491
0.4606009708148251
0.4701681600498445
0.4780243793664288
0.4841525806383525
0.4885394339450657
0.4911753801674708
0.4920546687053374
0.4911753801674709
0.4885394339450658
0.4841525806383526
0.4780243793664289
0.4701681600498447
0.4606009708148253
0.4493435107267494
0.4364200481184086
0.4218583248354428
0.4056894467769334
0.3879477611632404
0.3686707210155644
0.3478987373821972
0.3256750198948007
0.3020454062841235
0.2770581815281539
0.2507638873466425
0.2232151227940408
0.1944663367380549
0.1645736130430552
0.1335944493063924
0.10158753002114
0.06861249506079807
0.03472970439998219
0
0
0.0342852186878334
0.06773518110094164
0.1002897367184644
0.1318892115265994
0.1624746434272298
0.1919880148436502
0.2203724816050421
0.2475725972060646
0.2735345315562017
0.2982062833552735
0.3215378852566984
0.343481601008575
0.363992113794332
0.3830267050294446
0.4005454229083983
0.4165112400365502
0.4308901995246297
0.4436515489691695
0.4547678617899822
0.4642151454457061
0.4719729361002474
0.4780243793664288
0.4823562968081164
0.4849592379383152
0.4858275175079753
0.4849592379383154
0.4823562968081165
0.4780243793664289
0.4719729361002477
0.4642151454457064
0.4547678617899825
0.4436515489691698
0.43089019952463
0.4165112400365505
0.4005454229083986
0.3830267050294449
0.3639921137943324
0.3434816010085753
0.3215378852566987
0.2982062833552737
0.2735345315562018
0.2475725972060648
0.2203724816050422
0.1919880148436504
0.1624746434272299
0.1318892115265995
0.1002897367184645
0.0677351811009417
0.03428521868783344
0
0
0.03371555828830076
0.06661077414931225
0.09862638605514785
0.1297036019398256
0.1597843311290146
0.1888114135082899
0.2167288450251247
0.2434819986343355
0.2690178398147097
0.2932851358059854
0.3162346577401617
0.3378193748691783
0.3579946401222142
0.3767183662600934
0.3939511919314092
0.4096566369748503
0.4238012463546679
0.4363547221610976
0.4472900431546667
0.4565835713824922
0.4642151454457061
0.4701681600498445
0.4744296315241806
0.476990249051372
0.4778444114051983
0.4769902490513721
0.4744296315241807
0.4701681600498447
0.4642151454457064
0.4565835713824925
0.4472900431546671
0.436354722161098
0.4238012463546684
0.4096566369748507
0.3939511919314096
0.3767183662600938
0.3579946401222146
0.3378193748691787
0.316234657740162
0.2932851358059856
0.2690178398147099
0.2434819986343357
0.2167288450251249
0.1888114135082901
0.1597843311290147
0.1297036019398257
0.09862638605514794
0.06661077414931234
0.03371555828830081
0
0
0.03302207923458143
0.06524193093509462
0.0966013801177409
0.1270427126500223
0.1565089029285173
0.1849438388457819
0.2122925431581902
0.2385013903807565
0.2635183183526592
0.2872930336382358
0.3097772099525733
0.330924678828361
0.3506916117713154
0.3690366931850939
0.3859212833830593
0.401309571043396
0.4151687145057577
0.4274689713516776
0.4381838157572253
0.4472900431546669
0.4547678617899824
0.4606009708148252
0.4647766246046632
0.4672856830492116
0.4681226476166424
0.4672856830492116
0.4647766246046633
0.4606009708148253
0.4547678617899825
0.4472900431546671
0.4381838157572256
0.4274689713516779
0.4151687145057582
0.4013095710433965
0.3859212833830598
0.3690366931850943
0.3506916117713157
0.3309246788283614
0.3097772099525736
0.2872930336382361
0.2635183183526594
0.2385013903807567
0.2122925431581903
0.1849438388457821
0.1565089029285174
0.1270427126500224
0.09660138011774098
0.06524193093509469
0.03302207923458148
0
0
0.03220642796051159
0.06363187713810815
0.09421945664247158
0.1239127262586118
0.152655919099582
0.1803941616081384
0.2070736900387625
0.23264206256538
0.2570483661773955
0.2802434175472494
0.3021799570765183
0.322812835354518
0.3420991912933294
0.35999862123604
0.3764733383706272
0.3914883218201893
0.4050114548209893
0.4170136514428499
0.4274689713516777
0.4363547221610978
0.4436515489691697
0.4493435107267492
0.4534181431360379
0.4558665078310359
0.4566832276457636
0.4558665078310359
0.453418143136038
0.4493435107267494
0.4436515489691699
0.436354722161098
0.427468971351678
0.4170136514428502
0.4050114548209898
0.3914883218201898
0.3764733383706276
0.3599986212360405
0.3420991912933298
0.3228128353545184
0.3021799570765187
0.2802434175472496
0.2570483661773957
0.2326420625653802
0.2070736900387627
0.1803941616081386
0.1526559190995822
0.1239127262586119
0.09421945664247168
0.06363187713810822
0.03220642796051162
0
0
0.0312705348039958
0.06178439466082103
0.09148617032100131
0.1203208914691457
0.1482342435785091
0.1751727821835215
0.2010841437243232
0.2259172521308991
0.2496225203312375
0.2721520458879945
0.2934597999913345
0.313501809061857
0.3322363282467014
0.3496240061239325
0.3656280399650225
0.3802143209425227
0.3933515687097145
0.4050114548209894
0.4151687145057579
0.4238012463546682
0.4308901995246299
0.4364200481184085
0.440378652445185
0.442757306920262
0.4435507744148388
0.442757306920262
0.440378652445185
0.4364200481184086
0.43089019952463
0.4238012463546684
0.4151687145057582
0.4050114548209898
0.393351568709715
0.3802143209425232
0.365628039965023
0.3496240061239329
0.3322363282467018
0.3135018090618575
0.293459799991335
0.2721520458879949
0.2496225203312379
0.2259172521308994
0.2010841437243235
0.1751727821835217
0.1482342435785093
0.1203208914691458
0.09148617032100143
0.06178439466082111
0.03127053480399584
0
0
0.03021660639021682
0.05970380670564662
0.08840787088268763
0.1162754944854156
0.1432540089888985
0.1692915895587038
0.1943374595062767
0.2183420906130054
0.2412573985321176
0.2630369324969957
0.2836360585869865
0.3030121358272269
0.3211246844273009
0.337935545494589
0.353409031591827
0.367512067544541
0.3802143209425227
0.3914883218201894
0.4013095710433962
0.4096566369748506
0.4165112400365504
0.4218583248354428
0.4256861195675948
0.4279861824663876
0.4287534351113843
0.4279861824663876
0.4256861195675948
0.4218583248354428
0.4165112400365505
0.4096566369748507
0.4013095710433965
0.3914883218201898
0.3802143209425232
0.3675120675445414
0.3534090315918274
0.3379355454945895
0.3211246844273014
0.3030121358272274
0.283636058586987
0.2630369324969961
0.2412573985321179
0.2183420906130057
0.194337459506277
0.1692915895587041
0.1432540089888987
0.1162754944854158
0.08840787088268774
0.05970380670564669
0.03021660639021686
0
0
0.02904711692469112
0.0573949607164265
0.0849916780398694
0.1117858263159178
0.1377265766606731
0.1627639144080325
0.1868488364242372
0.2099335444353836
0.2319716336046692
0.2529182756149
0.2727303955334994
0.2913668417618043
0.3087885483977509
0.3249586893710044
0.3398428237420717
0.353409031591827
0.3656280399650225
0.3764733383706272
0.3859212833830594
0.3939511919314094
0.4005454229083985
0.4056894467769333
0.4093719028994903
0.4115846443640305
0.4123227701295007
0.4115846443640305
0.4093719028994904
0.4056894467769335
0.4005454229083986
0.3939511919314096
0.3859212833830598
0.3764733383706276
0.365628039965023
0.3534090315918274
0.3398428237420721
0.3249586893710049
0.3087885483977515
0.2913668417618048
0.2727303955334999
0.2529182756149005
0.2319716336046696
0.209933544435384
0.1868488364242375
0.1627639144080328
0.1377265766606733
0.111785826315918
0.08499167803986951
0.05739496071642657
0.02904711692469115
0
0
0.02776479843053893
0.05486320925143461
0.08124545339507261
0.1068621461137307
0.1316644918011005
0.15560447649407
0.1786350572947647
0.2007103479650209
0.2217857999605874
0.2418183781903694
0.2607667308068621
0.2785913523574911
0.2952547396528002
0.3107215397361779
0.3249586893710044
0.337935545494589
0.3496240061239324
0.3599986212360401
0.369036693185094
0.3767183662600936
0.3830267050294448
0.3879477611632403
0.3914706284694593
0.3935874859268377
0.3942936285445425
0.3935874859268377
0.3914706284694595
0.3879477611632405
0.383026705029445
0.3767183662600939
0.3690366931850944
0.3599986212360405
0.3496240061239329
0.3379355454945895
0.3249586893710049
0.3107215397361785
0.2952547396528009
0.2785913523574917
0.2607667308068626
0.2418183781903699
0.2217857999605877
0.2007103479650212
0.178635057294765
0.1556044764940702
0.1316644918011007
0.1068621461137308
0.08124545339507271
0.05486320925143467
0.02776479843053897
0
0
0.02637262996850495
0.05211438886340262
0.07717776942102758
0.1015156406965143
0.125081433994768
0.1478293265875383
0.169714422491277
0.1906929295920831
0.2107223324184705
0.2297615598798879
0.2477711473088022
0.2647133921666573
0.2805525027990359
0.2952547396528003
0.308788548397751
0.3211246844273009
0.3322363282467014
0.3420991912933294
0.3506916117713155
0.3579946401222144
0.3639921137943323
0.3686707210155644
0.3720200533180116
0.3740326466070397
0.3747040106126693
0.3740326466070397
0.3720200533180116
0.3686707210155645
0.3639921137943324
0.3579946401222147
0.3506916117713157
0.3420991912933298
0.3322363282467018
0.3211246844273014
0.3087885483977515
0.2952547396528008
0.2805525027990364
0.2647133921666579
0.2477711473088027
0.2297615598798883
0.2107223324184709
0.1906929295920834
0.1697144224912773
0.1478293265875386
0.1250814339947682
0.1015156406965144
0.07717776942102768
0.05211438886340269
0.02637262996850498
0
0
0.02487382588228153
0.04915479706993352
0.07279787563594388
0.09575838040642051
0.1179921632279046
0.139455783135833
0.160106677736534
0.1799033311261539
0.1988054376835967
0.2167740610908588
0.2337717879529892
0.2497628754112362
0.2647133921666574
0.2785913523574912
0.2913668417618043
0.303012135827227
0.3135018090618572
0.3228128353545181
0.3309246788283611
0.3378193748691786
0.3434816010085753
0.3478987373821973
0.3510609165243657
0.3529610623025604
0.3535949178380651
0.3529610623025604
0.3510609165243657
0.3478987373821974
0.3434816010085754
0.3378193748691787
0.3309246788283614
0.3228128353545184
0.3135018090618574
0.3030121358272273
0.2913668417618048
0.2785913523574917
0.2647133921666579
0.2497628754112367
0.2337717879529896
0.2167740610908591
0.198805437683597
0.1799033311261542
0.1601066777365342
0.1394557831358332
0.1179921632279047
0.09575838040642064
0.07279787563594396
0.04915479706993357
0.02487382588228156
0
0
0.02327182311553386
0.045991167505209
0.06811566210756081
0.08960327148415101
0.1104124616501123
0.1305023639300967
0.1498329361927263
0.1683651208270094
0.1860609988370579
0.2028839394467742
0.2187987446239137
0.2337717879529892
0.2477711473088023
0.2607667308068622
0.2727303955334995
0.2836360585869867
0.2934597999913346
0.3021799570765185
0.3097772099525735
0.316234657740162
0.3215378852566987
0.3256750198948008
0.3286367784685429
0.3304165038425985
0.3310101911996812
0.3304165038425985
0.3286367784685429
0.3256750198948009
0.3215378852566988
0.3162346577401621
0.3097772099525737
0.3021799570765187
0.2934597999913349
0.283636058586987
0.2727303955334999
0.2607667308068626
0.2477711473088027
0.2337717879529896
0.218798744623914
0.2028839394467745
0.1860609988370582
0.1683651208270097
0.1498329361927265
0.1305023639300969
0.1104124616501125
0.08960327148415111
0.06811566210756088
0.04599116750520905
0.02327182311553389
0
0
0.0215702676506912
0.04263064335107585
0.06314162043003674
0.08306400514515999
0.1023590713033978
0.1209887130405951
0.1389155951567121
0.1561033004132361
0.1725164732112796
0.1881209590831574
0.2028839394467742
0.2167740610908587
0.2297615598798879
0.2418183781903696
0.2529182756149002
0.2630369324969958
0.2721520458879947
0.2802434175472495
0.2872930336382359
0.2932851358059856
0.2982062833552737
0.3020454062841236
0.3047938489632841
0.3064454042892649
0.3069963381761145
0.306445404289265
0.3047938489632842
0.3020454062841237
0.2982062833552738
0.2932851358059857
0.2872930336382361
0.2802434175472497
0.2721520458879949
0.2630369324969961
0.2529182756149006
0.2418183781903699
0.2297615598798884
0.2167740610908591
0.2028839394467745
0.1881209590831577
0.1725164732112799
0.1561033004132364
0.1389155951567123
0.1209887130405952
0.1023590713033979
0.08306400514516007
0.06314162043003681
0.0426306433510759
0.02157026765069123
0
0
0.01977300012303519
0.03908074915238888
0.05788680232771671
0.07615500355902056
0.09384962806431223
0.1109355233088093
0.1273782476892434
0.1431442064157716
0.1582007840550586
0.1725164732112796
0.1860609988370579
0.1988054376835967
0.2107223324184706
0.2217857999605874
0.2319716336046694
0.2412573985321178
0.2496225203312377
0.2570483661773956
0.2635183183526593
0.2690178398147099
0.2735345315562019
0.277058181528154
0.279580804934253
0.2810966757370168
0.2816023492514513
0.2810966757370169
0.279580804934253
0.2770581815281541
0.273534531556202
0.26901783981471
0.2635183183526594
0.2570483661773958
0.2496225203312379
0.241257398532118
0.2319716336046697
0.2217857999605878
0.210722332418471
0.198805437683597
0.1860609988370582
0.1725164732112799
0.1582007840550587
0.1431442064157719
0.1273782476892435
0.1109355233088095
0.09384962806431234
0.07615500355902066
0.05788680232771679
0.03908074915238893
0.01977300012303521
0
0
0.01788404066687226
0.03534936112786705
0.05236277604918763
0.06889136294519707
0.08490259205996255
0.100364454702209
0.1152455895270244
0.129515406265775
0.1431442064157717
0.1561033004132362
0.1683651208270094
0.1799033311261539
0.1906929295920832
0.200710347965021
0.2099335444353838
0.2183420906130055
0.2259172521308993
0.2326420625653802
0.2385013903807567
0.2434819986343357
0.2475725972060648
0.2507638873466426
0.2530485983682527
0.2544215163330902
0.2548795046264389
0.2544215163330903
0.2530485983682528
0.2507638873466427
0.2475725972060649
0.2434819986343358
0.2385013903807568
0.2326420625653803
0.2259172521308995
0.2183420906130057
0.2099335444353841
0.2007103479650213
0.1906929295920834
0.1799033311261542
0.1683651208270097
0.1561033004132364
0.1431442064157718
0.1295154062657752
0.1152455895270245
0.1003644547022091
0.08490259205996266
0.06889136294519717
0.05236277604918771
0.0353493611278671
0.01788404066687228
0
0
0.01590757305360872
0.03144467609365898
0.0465815807237533
0.06128879400985187
0.07553717483257458
0.0892980488539981
0.102543321645069
0.1152455895270244
0.1273782476892434
0.1389155951567121
0.1498329361927263
0.160106677736534
0.1697144224912771
0.1786350572947648
0.1868488364242373
0.1943374595062768
0.2010841437243234
0.2070736900387627
0.2122925431581903
0.2167288450251249
0.2203724816050422
0.2232151227940408
0.2252502552876087
0.22647320828075
0.2268811718980243
0.22647320828075
0.2252502552876088
0.2232151227940409
0.2203724816050424
0.216728845025125
0.2122925431581904
0.2070736900387627
0.2010841437243235
0.194337459506277
0.1868488364242376
0.1786350572947651
0.1697144224912774
0.1601066777365343
0.1498329361927265
0.1389155951567123
0.1273782476892435
0.1152455895270245
0.1025433216450692
0.08929804885399821
0.07553717483257467
0.06128879400985195
0.04658158072375337
0.03144467609365902
0.01590757305360874
0
0
0.01384792818434301
0.02737517912229168
0.04055567886050749
0.05336355995881359
0.06577326354012919
0.07775964012519399
0.0892980488539981
0.100364454702209
0.1109355233088093
0.120988713040595
0.1305023639300967
0.139455783135833
0.1478293265875384
0.1556044764940701
0.1627639144080327
0.169291589558704
0.1751727821835216
0.1803941616081386
0.1849438388457821
0.1888114135082901
0.1919880148436504
0.1944663367380549
0.1962406665443054
0.197306907622776
0.1976625955059573
0.197306907622776
0.1962406665443055
0.194466336738055
0.1919880148436505
0.1888114135082902
0.1849438388457821
0.1803941616081386
0.1751727821835218
0.1692915895587041
0.1627639144080329
0.1556044764940703
0.1478293265875386
0.1394557831358332
0.1305023639300969
0.1209887130405952
0.1109355233088095
0.1003644547022091
0.08929804885399821
0.07775964012519408
0.06577326354012927
0.05336355995881366
0.04055567886050754
0.02737517912229172
0.01384792818434303
0
0
0.01170956700213808
0.02314961006466948
0.03429790717751671
0.04513241233140376
0.05563134249229495
0.06577326354012918
0.07553717483257456
0.08490259205996253
0.09384962806431221
0.1023590713033978
0.1104124616501123
0.1179921632279046
0.125081433994768
0.1316644918011005
0.1377265766606731
0.1432540089888986
0.1482342435785093
0.1526559190995821
0.1565089029285174
0.1597843311290147
0.1624746434272299
0.1645736130430552
0.1660763712597682
0.1669794266350687
0.1672806787776706
0.1669794266350687
0.1660763712597682
0.1645736130430553
0.16247464342723
0.1597843311290148
0.1565089029285175
0.1526559190995822
0.1482342435785094
0.1432540089888988
0.1377265766606733
0.1316644918011007
0.1250814339947682
0.1179921632279047
0.1104124616501125
0.1023590713033979
0.09384962806431235
0.08490259205996266
0.07553717483257466
0.06577326354012926
0.05563134249229502
0.04513241233140382
0.03429790717751675
0.0231496100646695
0.01170956700213809
0
0
0.009497062891428725
0.01877692906727985
0.02782142595521896
0.03661252490842497
0.04513241233140376
0.05336355995881359
0.06128879400985187
0.06889136294519706
0.07615500355902055
0.08306400514515996
0.089603271484151
0.09575838040642051
0.1015156406965143
0.1068621461137307
0.1117858263159179
0.1162754944854157
0.1203208914691458
0.1239127262586119
0.1270427126500224
0.1297036019398257
0.1318892115265995
0.1335944493063924
0.1348153337652253
0.1355490096894393
0.1357937594318789
0.1355490096894393
0.1348153337652253
0.1335944493063924
0.1318892115265995
0.1297036019398258
0.1270427126500224
0.1239127262586119
0.1203208914691459
0.1162754944854158
0.111785826315918
0.1068621461137309
0.1015156406965144
0.09575838040642067
0.08960327148415112
0.08306400514516009
0.07615500355902066
0.06889136294519715
0.06128879400985195
0.05336355995881367
0.04513241233140382
0.03661252490842502
0.02782142595521899
0.01877692906727987
0.009497062891428735
0
0
0.007215083634043887
0.01426628122073127
0.02113966711397289
0.02782142595521896
0.03429790717751671
0.0405556788605075
0.04658158072375331
0.05236277604918763
0.0578868023277167
0.06314162043003671
0.06811566210756079
0.07279787563594387
0.07717776942102758
0.08124545339507262
0.08499167803986943
0.08840787088268766
0.09148617032100137
0.09421945664247167
0.09660138011774098
0.09862638605514797
0.1002897367184646
0.10158753002114
0.1025167149232603
0.1030751034704478
0.1032613794271797
0.1030751034704478
0.1025167149232603
0.10158753002114
0.1002897367184646
0.09862638605514798
0.09660138011774103
0.09421945664247172
0.09148617032100145
0.08840787088268777
0.08499167803986954
0.08124545339507273
0.07717776942102769
0.07279787563594398
0.0681156621075609
0.06314162043003681
0.05788680232771677
0.0523627760491877
0.04658158072375338
0.04055567886050755
0.03429790717751676
0.027821425955219
0.02113966711397292
0.01426628122073129
0.007215083634043895
0
0
0.004868372993075249
0.009626960479178945
0.01426628122073127
0.01877692906727985
0.02314961006466948
0.02737517912229169
0.03144467609365899
0.03534936112786705
0.03908074915238888
0.04263064335107583
0.04599116750520899
0.04915479706993351
0.05211438886340262
0.05486320925143462
0.05739496071642651
0.05970380670564664
0.06178439466082106
0.06363187713810821
0.06524193093509467
0.06661077414931234
0.06773518110094172
0.06861249506079808
0.06924063873335935
0.06961812245345697
0.06974405006427516
0.06961812245345698
0.06924063873335937
0.06861249506079808
0.06773518110094173
0.06661077414931235
0.0652419309350947
0.06363187713810825
0.06178439466082113
0.05970380670564672
0.05739496071642659
0.0548632092514347
0.05211438886340271
0.04915479706993359
0.04599116750520906
0.0426306433510759
0.03908074915238893
0.0353493611278671
0.03144467609365904
0.02737517912229173
0.02314961006466951
0.01877692906727987
0.01426628122073129
0.009626960479178957
0.004868372993075255
0
0
0.002461731997293891
0.004868372993075249
0.007215083634043886
0.009497062891428723
0.01170956700213808
0.01384792818434301
0.01590757305360872
0.01788404066687226
0.01977300012303518
0.02157026765069119
0.02327182311553386
0.02487382588228153
0.02637262996850495
0.02776479843053894
0.02904711692469113
0.03021660639021683
0.03127053480399582
0.03220642796051162
0.03302207923458147
0.03371555828830081
0.03428521868783344
0.03472970439998219
0.03504795514289636
0.03523921056979559
0.03530301326919591
0.03523921056979559
0.03504795514289637
0.03472970439998219
0.03428521868783344
0.03371555828830081
0.03302207923458148
0.03220642796051164
0.03127053480399586
0.03021660639021687
0.02904711692469117
0.02776479843053898
0.02637262996850499
0.02487382588228157
0.0232718231155339
0.02157026765069123
0.01977300012303521
0.01788404066687228
0.01590757305360875
0.01384792818434303
0.01170956700213809
0.009497062891428735
0.007215083634043895
0.004868372993075255
0.002461731997293894
0
0
0
0
0
0
0
0
0
0
0
0
0
0
0
0
0
0
0
0
0
0
0
0
0
0
0
0
0
0
0
0
0
0
0
0
0
0
0
0
0
0
0
0
0
0
0
0
0
0
0
0
