0
0
0
0
0
0
0
0
0
0
0
0
0
0
0
0
0
0
0
0
0
0
0
0
0
0
0
0
0
0
0
0
0
0
0
0
0
0
0
0
0
0
0
0
0
0
0
0
0
0
0
0
0.002461731997293919
0.004868372993075322
0.007215083634043993
0.009497062891428867
0.01170956700213826
0.01384792818434322
0.01590757305360898
0.01788404066687251
0.01977300012303549
0.02157026765069152
0.02327182311553421
0.02487382588228195
0.02637262996850538
0.02776479843053938
0.02904711692469159
0.0302166063902173
0.03127053480399633
0.03220642796051215
0.03302207923458205
0.03371555828830139
0.03428521868783395
0.03472970439998273
0.03504795514289697
0.03523921056979615
0.03530301326919642
0.03523921056979614
0.03504795514289694
0.03472970439998277
0.03428521868783399
0.03371555828830132
0.03302207923458194
0.03220642796051212
0.03127053480399633
0.03021660639021735
0.02904711692469162
0.0277647984305394
0.02637262996850538
0.02487382588228195
0.02327182311553424
0.02157026765069154
0.01977300012303551
0.01788404066687258
0.01590757305360901
0.01384792818434325
0.01170956700213827
0.009497062891428865
0.007215083634043995
0.004868372993075315
0.002461731997293924
0
0
0.004868372993075336
0.009626960479179096
0.0142662812207315
0.01877692906728013
0.02314961006466982
0.02737517912229212
0.03144467609365947
0.03534936112786762
0.03908074915238952
0.04263064335107653
0.04599116750520976
0.04915479706993432
0.05211438886340345
0.05486320925143546
0.05739496071642739
0.05970380670564761
0.06178439466082207
0.06363187713810929
0.0652419309350958
0.06661077414931342
0.06773518110094276
0.06861249506079918
0.06924063873336045
0.06961812245345805
0.06974405006427621
0.06961812245345807
0.06924063873336048
0.06861249506079918
0.06773518110094282
0.06661077414931339
0.06524193093509574
0.06363187713810925
0.0617843946608221
0.05970380670564768
0.05739496071642749
0.05486320925143557
0.05211438886340353
0.04915479706993435
0.04599116750520978
0.04263064335107656
0.03908074915238954
0.03534936112786766
0.03144467609365954
0.02737517912229216
0.02314961006466985
0.01877692906728015
0.01426628122073149
0.009626960479179106
0.004868372993075331
0
0
0.007215083634044003
0.01426628122073151
0.02113966711397321
0.02782142595521938
0.03429790717751723
0.04055567886050816
0.04658158072375407
0.05236277604918847
0.05788680232771764
0.06314162043003776
0.06811566210756193
0.07279787563594509
0.07717776942102884
0.08124545339507393
0.08499167803987086
0.0884078708826891
0.0914861703210029
0.09421945664247326
0.09660138011774258
0.09862638605514946
0.1002897367184661
0.1015875300211416
0.102516714923262
0.1030751034704494
0.1032613794271813
0.1030751034704496
0.102516714923262
0.1015875300211416
0.1002897367184662
0.0986263860551496
0.09660138011774258
0.09421945664247328
0.09148617032100291
0.08840787088268913
0.08499167803987087
0.081245453395074
0.07717776942102886
0.07279787563594509
0.06811566210756195
0.06314162043003782
0.05788680232771768
0.05236277604918851
0.04658158072375411
0.04055567886050818
0.03429790717751731
0.02782142595521943
0.02113966711397324
0.01426628122073151
0.007215083634043993
0
0
0.009497062891428869
0.01877692906728013
0.0278214259552194
0.03661252490842553
0.0451324123314045
0.05336355995881444
0.06128879400985288
0.0688913629451982
0.07615500355902184
0.08306400514516134
0.08960327148415247
0.09575838040642204
0.1015156406965159
0.1068621461137325
0.1117858263159197
0.1162754944854177
0.1203208914691478
0.123912726258614
0.1270427126500244
0.1297036019398278
0.1318892115266016
0.1335944493063945
0.1348153337652275
0.1355490096894416
0.1357937594318812
0.1355490096894416
0.1348153337652275
0.1335944493063946
0.1318892115266017
0.129703601939828
0.1270427126500245
0.1239127262586139
0.1203208914691478
0.1162754944854177
0.1117858263159198
0.1068621461137326
0.101515640696516
0.09575838040642214
0.08960327148415252
0.08306400514516139
0.07615500355902187
0.06889136294519822
0.06128879400985288
0.05336355995881447
0.0451324123314045
0.03661252490842557
0.02782142595521942
0.01877692906728015
0.009497062891428874
0
0
0.01170956700213825
0.02314961006466985
0.03429790717751725
0.04513241233140448
0.05563134249229584
0.06577326354013024
0.07553717483257584
0.08490259205996399
0.09384962806431375
0.1023590713033995
0.1104124616501142
0.1179921632279066
0.1250814339947702
0.1316644918011027
0.1377265766606754
0.143254008988901
0.1482342435785117
0.1526559190995846
0.1565089029285199
0.1597843311290173
0.1624746434272326
0.1645736130430579
0.1660763712597708
0.1669794266350714
0.1672806787776733
0.1669794266350714
0.1660763712597709
0.164573613043058
0.1624746434272326
0.1597843311290173
0.15650890292852
0.1526559190995846
0.1482342435785116
0.1432540089889011
0.1377265766606754
0.1316644918011027
0.1250814339947701
0.1179921632279066
0.1104124616501142
0.1023590713033995
0.09384962806431386
0.084902592059964
0.07553717483257585
0.06577326354013027
0.05563134249229588
0.04513241233140452
0.03429790717751727
0.02314961006466986
0.01170956700213827
0
0
0.01384792818434324
0.02737517912229213
0.04055567886050814
0.05336355995881443
0.06577326354013024
0.07775964012519529
0.08929804885399963
0.1003644547022107
0.1109355233088112
0.1209887130405971
0.1305023639300989
0.1394557831358353
0.1478293265875409
0.1556044764940727
0.1627639144080354
0.1692915895587068
0.1751727821835244
0.1803941616081415
0.1849438388457851
0.1888114135082933
0.1919880148436535
0.194466336738058
0.1962406665443086
0.1973069076227792
0.1976625955059605
0.1973069076227794
0.1962406665443088
0.1944663367380582
0.1919880148436537
0.1888114135082933
0.1849438388457852
0.1803941616081416
0.1751727821835246
0.1692915895587068
0.1627639144080354
0.1556044764940727
0.1478293265875409
0.1394557831358354
0.130502363930099
0.1209887130405971
0.1109355233088112
0.1003644547022107
0.08929804885399961
0.07775964012519532
0.0657732635401303
0.0533635599588145
0.04055567886050818
0.02737517912229216
0.01384792818434324
0
0
0.01590757305360897
0.03144467609365947
0.04658158072375405
0.06128879400985285
0.07553717483257584
0.08929804885399961
0.1025433216450708
0.1152455895270263
0.1273782476892455
0.1389155951567145
0.1498329361927288
0.1601066777365368
0.1697144224912801
0.1786350572947679
0.1868488364242405
0.1943374595062801
0.2010841437243266
0.2070736900387661
0.2122925431581939
0.2167288450251284
0.2203724816050459
0.2232151227940445
0.2252502552876125
0.2264732082807537
0.2268811718980281
0.2264732082807538
0.2252502552876126
0.2232151227940446
0.220372481605046
0.2167288450251285
0.2122925431581939
0.2070736900387661
0.2010841437243269
0.1943374595062802
0.1868488364242404
0.1786350572947679
0.16971442249128
0.1601066777365368
0.1498329361927289
0.1389155951567144
0.1273782476892455
0.1152455895270263
0.1025433216450708
0.08929804885399961
0.07553717483257588
0.06128879400985292
0.0465815807237541
0.03144467609365953
0.01590757305360901
0
0
0.01788404066687255
0.03534936112786764
0.05236277604918845
0.06889136294519817
0.08490259205996399
0.1003644547022107
0.1152455895270263
0.1295154062657772
0.1431442064157741
0.1561033004132389
0.1683651208270124
0.1799033311261572
0.1906929295920865
0.2007103479650246
0.2099335444353874
0.2183420906130092
0.225917252130903
0.2326420625653841
0.2385013903807606
0.2434819986343398
0.247572597206069
0.2507638873466468
0.253048598368257
0.2544215163330946
0.2548795046264432
0.2544215163330946
0.2530485983682571
0.2507638873466469
0.2475725972060691
0.2434819986343399
0.2385013903807608
0.2326420625653842
0.2259172521309032
0.2183420906130093
0.2099335444353874
0.2007103479650244
0.1906929295920864
0.179903331126157
0.1683651208270123
0.1561033004132388
0.1431442064157742
0.1295154062657773
0.1152455895270264
0.1003644547022107
0.084902592059964
0.0688913629451982
0.05236277604918849
0.03534936112786764
0.01788404066687254
0
0
0.0197730001230355
0.03908074915238951
0.05788680232771765
0.07615500355902184
0.09384962806431388
0.1109355233088112
0.1273782476892455
0.1431442064157741
0.1582007840550613
0.1725164732112826
0.1860609988370611
0.1988054376836003
0.2107223324184742
0.2217857999605913
0.2319716336046734
0.2412573985321219
0.2496225203312419
0.2570483661774
0.2635183183526637
0.2690178398147145
0.2735345315562067
0.2770581815281588
0.2795808049342578
0.2810966757370217
0.2816023492514561
0.2810966757370216
0.2795808049342579
0.2770581815281589
0.2735345315562069
0.2690178398147146
0.2635183183526637
0.2570483661774
0.2496225203312419
0.2412573985321218
0.2319716336046733
0.2217857999605913
0.2107223324184743
0.1988054376836001
0.1860609988370611
0.1725164732112826
0.1582007840550613
0.1431442064157741
0.1273782476892455
0.1109355233088112
0.09384962806431384
0.07615500355902186
0.05788680232771767
0.03908074915238952
0.0197730001230355
0
0
0.0215702676506915
0.04263064335107652
0.06314162043003776
0.08306400514516141
0.1023590713033996
0.1209887130405971
0.1389155951567144
0.1561033004132389
0.1725164732112826
0.1881209590831607
0.2028839394467777
0.2167740610908626
0.2297615598798921
0.2418183781903738
0.2529182756149047
0.2630369324970004
0.2721520458879993
0.2802434175472543
0.2872930336382409
0.2932851358059906
0.2982062833552788
0.3020454062841289
0.3047938489632894
0.3064454042892701
0.3069963381761197
0.3064454042892702
0.3047938489632895
0.3020454062841288
0.2982062833552788
0.2932851358059906
0.2872930336382408
0.2802434175472543
0.2721520458879993
0.2630369324970003
0.2529182756149047
0.2418183781903739
0.229761559879892
0.2167740610908626
0.2028839394467778
0.1881209590831606
0.1725164732112826
0.1561033004132388
0.1389155951567144
0.1209887130405971
0.1023590713033995
0.08306400514516139
0.06314162043003778
0.04263064335107655
0.02157026765069154
0
0
0.02327182311553422
0.04599116750520972
0.06811566210756194
0.08960327148415252
0.1104124616501142
0.1305023639300989
0.1498329361927288
0.1683651208270123
0.1860609988370611
0.2028839394467777
0.2187987446239175
0.2337717879529933
0.2477711473088066
0.2607667308068669
0.2727303955335044
0.2836360585869918
0.2934597999913399
0.3021799570765237
0.3097772099525788
0.3162346577401675
0.3215378852567042
0.3256750198948062
0.3286367784685484
0.330416503842604
0.3310101911996868
0.3304165038426041
0.3286367784685485
0.3256750198948065
0.3215378852567041
0.3162346577401672
0.3097772099525788
0.3021799570765237
0.2934597999913398
0.2836360585869917
0.2727303955335043
0.2607667308068668
0.2477711473088066
0.2337717879529932
0.2187987446239175
0.2028839394467777
0.1860609988370611
0.1683651208270123
0.1498329361927288
0.1305023639300989
0.1104124616501142
0.08960327148415252
0.06811566210756197
0.04599116750520977
0.02327182311553426
0
0
0.02487382588228192
0.04915479706993434
0.07279787563594506
0.09575838040642209
0.1179921632279066
0.1394557831358354
0.1601066777365367
0.179903331126157
0.1988054376836002
0.2167740610908626
0.2337717879529933
0.2497628754112406
0.2647133921666621
0.2785913523574962
0.2913668417618096
0.3030121358272324
0.3135018090618627
0.3228128353545238
0.330924678828367
0.3378193748691845
0.3434816010085811
0.3478987373822031
0.3510609165243715
0.3529610623025663
0.353594917838071
0.3529610623025664
0.3510609165243714
0.3478987373822031
0.3434816010085812
0.3378193748691842
0.3309246788283668
0.3228128353545237
0.3135018090618625
0.3030121358272322
0.2913668417618094
0.2785913523574961
0.264713392166662
0.2497628754112406
0.2337717879529932
0.2167740610908625
0.1988054376836002
0.179903331126157
0.1601066777365367
0.1394557831358354
0.1179921632279066
0.09575838040642211
0.07279787563594504
0.04915479706993429
0.02487382588228191
0
0
0.02637262996850535
0.05211438886340347
0.07717776942102883
0.101515640696516
0.1250814339947702
0.1478293265875409
0.16971442249128
0.1906929295920865
0.2107223324184743
0.2297615598798921
0.2477711473088066
0.2647133921666622
0.2805525027990411
0.2952547396528057
0.3087885483977567
0.3211246844273067
0.3322363282467073
0.3420991912933355
0.3506916117713216
0.3579946401222208
0.3639921137943385
0.3686707210155707
0.372020053318018
0.374032646607046
0.3747040106126756
0.3740326466070459
0.3720200533180176
0.3686707210155705
0.3639921137943387
0.3579946401222207
0.3506916117713215
0.3420991912933355
0.3322363282467073
0.3211246844273065
0.3087885483977564
0.2952547396528056
0.2805525027990409
0.2647133921666621
0.2477711473088067
0.2297615598798919
0.2107223324184742
0.1906929295920864
0.16971442249128
0.1478293265875409
0.1250814339947701
0.1015156406965159
0.07717776942102887
0.05211438886340349
0.0263726299685054
0
0
0.0277647984305394
0.05486320925143551
0.08124545339507397
0.1068621461137324
0.1316644918011027
0.1556044764940727
0.1786350572947679
0.2007103479650245
0.2217857999605914
0.2418183781903739
0.2607667308068669
0.2785913523574963
0.2952547396528057
0.3107215397361837
0.3249586893710104
0.3379355454945953
0.3496240061239386
0.3599986212360464
0.3690366931851004
0.3767183662601002
0.3830267050294515
0.3879477611632472
0.3914706284694661
0.3935874859268443
0.394293628544549
0.3935874859268444
0.3914706284694661
0.3879477611632471
0.3830267050294516
0.3767183662601004
0.3690366931851006
0.3599986212360466
0.3496240061239387
0.337935545494595
0.3249586893710101
0.3107215397361835
0.2952547396528057
0.278591352357496
0.2607667308068669
0.2418183781903737
0.2217857999605913
0.2007103479650244
0.1786350572947679
0.1556044764940727
0.1316644918011028
0.1068621461137326
0.08124545339507404
0.05486320925143556
0.02776479843053941
0
0
0.02904711692469157
0.05739496071642745
0.08499167803987083
0.1117858263159197
0.1377265766606754
0.1627639144080355
0.1868488364242405
0.2099335444353875
0.2319716336046735
0.2529182756149047
0.2727303955335045
0.2913668417618096
0.3087885483977566
0.3249586893710104
0.3398428237420778
0.3534090315918335
0.3656280399650291
0.3764733383706339
0.3859212833830661
0.3939511919314164
0.4005454229084056
0.4056894467769405
0.4093719028994973
0.4115846443640375
0.4123227701295079
0.4115846443640376
0.4093719028994973
0.4056894467769404
0.4005454229084057
0.3939511919314164
0.3859212833830664
0.3764733383706339
0.3656280399650289
0.3534090315918331
0.3398428237420776
0.3249586893710102
0.3087885483977564
0.2913668417618093
0.2727303955335043
0.2529182756149047
0.2319716336046734
0.2099335444353874
0.1868488364242405
0.1627639144080354
0.1377265766606755
0.1117858263159198
0.08499167803987084
0.05739496071642748
0.02904711692469162
0
0
0.03021660639021731
0.05970380670564756
0.08840787088268907
0.1162754944854176
0.143254008988901
0.1692915895587068
0.1943374595062802
0.2183420906130092
0.241257398532122
0.2630369324970006
0.2836360585869918
0.3030121358272324
0.3211246844273066
0.3379355454945953
0.3534090315918336
0.3675120675445475
0.3802143209425295
0.3914883218201964
0.4013095710434033
0.4096566369748578
0.4165112400365577
0.42185832483545
0.4256861195676021
0.427986182466395
0.4287534351113917
0.4279861824663951
0.425686119567602
0.4218583248354501
0.4165112400365578
0.4096566369748578
0.4013095710434034
0.3914883218201964
0.3802143209425293
0.3675120675445473
0.3534090315918332
0.3379355454945951
0.3211246844273065
0.3030121358272324
0.2836360585869917
0.2630369324970005
0.2412573985321219
0.2183420906130093
0.1943374595062801
0.1692915895587068
0.1432540089889011
0.1162754944854177
0.08840787088268917
0.05970380670564764
0.03021660639021733
0
0
0.03127053480399632
0.06178439466082201
0.09148617032100285
0.1203208914691477
0.1482342435785118
0.1751727821835246
0.2010841437243269
0.2259172521309032
0.2496225203312422
0.2721520458879995
0.2934597999913399
0.3135018090618627
0.3322363282467074
0.3496240061239387
0.365628039965029
0.3802143209425295
0.3933515687097215
0.4050114548209966
0.415168714505765
0.4238012463546755
0.4308901995246374
0.4364200481184161
0.4403786524451926
0.4427573069202697
0.4435507744148465
0.4427573069202695
0.4403786524451924
0.4364200481184159
0.4308901995246375
0.4238012463546756
0.4151687145057652
0.4050114548209967
0.3933515687097215
0.3802143209425294
0.365628039965029
0.3496240061239387
0.3322363282467075
0.3135018090618628
0.29345979999134
0.2721520458879995
0.249622520331242
0.2259172521309032
0.2010841437243269
0.1751727821835247
0.1482342435785118
0.1203208914691478
0.09148617032100294
0.06178439466082212
0.03127053480399634
0
0
0.03220642796051209
0.06363187713810918
0.09421945664247314
0.1239127262586139
0.1526559190995847
0.1803941616081416
0.2070736900387662
0.2326420625653843
0.2570483661774002
0.2802434175472543
0.3021799570765238
0.3228128353545239
0.3420991912933355
0.3599986212360465
0.3764733383706338
0.3914883218201963
0.4050114548209967
0.4170136514428573
0.4274689713516853
0.4363547221611055
0.4436515489691775
0.449343510726757
0.4534181431360458
0.4558665078310438
0.4566832276457715
0.4558665078310438
0.4534181431360456
0.4493435107267569
0.4436515489691775
0.4363547221611053
0.4274689713516851
0.4170136514428572
0.4050114548209968
0.3914883218201964
0.3764733383706339
0.3599986212360466
0.3420991912933355
0.3228128353545238
0.3021799570765238
0.2802434175472543
0.2570483661774001
0.2326420625653842
0.2070736900387663
0.1803941616081417
0.1526559190995848
0.123912726258614
0.09421945664247326
0.06363187713810929
0.03220642796051217
0
0
0.03302207923458197
0.06524193093509566
0.09660138011774258
0.1270427126500245
0.15650890292852
0.1849438388457853
0.212292543158194
0.2385013903807609
0.263518318352664
0.287293033638241
0.3097772099525789
0.3309246788283667
0.3506916117713215
0.3690366931851004
0.3859212833830661
0.4013095710434031
0.4151687145057651
0.4274689713516853
0.4381838157572331
0.4472900431546748
0.4547678617899903
0.4606009708148331
0.4647766246046711
0.4672856830492196
0.4681226476166506
0.4672856830492195
0.4647766246046711
0.460600970814833
0.4547678617899903
0.4472900431546747
0.4381838157572331
0.4274689713516854
0.4151687145057654
0.4013095710434033
0.3859212833830664
0.3690366931851007
0.3506916117713218
0.3309246788283668
0.3097772099525788
0.287293033638241
0.263518318352664
0.2385013903807608
0.212292543158194
0.1849438388457853
0.1565089029285202
0.1270427126500246
0.09660138011774262
0.06524193093509578
0.03302207923458202
0
0
0.03371555828830126
0.06661077414931341
0.09862638605514956
0.1297036019398279
0.1597843311290174
0.1888114135082933
0.2167288450251287
0.24348199863434
0.2690178398147145
0.2932851358059907
0.3162346577401675
0.3378193748691843
0.3579946401222206
0.3767183662601002
0.3939511919314163
0.4096566369748575
0.4238012463546756
0.4363547221611055
0.4472900431546748
0.4565835713825003
0.4642151454457142
0.4701681600498527
0.4744296315241888
0.4769902490513803
0.4778444114052067
0.4769902490513802
0.4744296315241887
0.4701681600498527
0.4642151454457141
0.4565835713825002
0.4472900431546747
0.4363547221611055
0.4238012463546755
0.4096566369748575
0.3939511919314162
0.3767183662601002
0.3579946401222207
0.3378193748691843
0.3162346577401675
0.2932851358059907
0.2690178398147145
0.2434819986343399
0.2167288450251286
0.1888114135082934
0.1597843311290175
0.1297036019398279
0.09862638605514962
0.06661077414931341
0.03371555828830133
0
0
0.03428521868783403
0.06773518110094282
0.1002897367184662
0.1318892115266016
0.1624746434272326
0.1919880148436536
0.220372481605046
0.2475725972060691
0.2735345315562067
0.2982062833552789
0.3215378852567042
0.3434816010085812
0.3639921137943385
0.3830267050294513
0.4005454229084054
0.4165112400365574
0.4308901995246375
0.4436515489691775
0.4547678617899902
0.4642151454457141
0.4719729361002557
0.4780243793664371
0.4823562968081249
0.4849592379383239
0.4858275175079838
0.4849592379383238
0.4823562968081249
0.4780243793664371
0.4719729361002558
0.4642151454457143
0.4547678617899903
0.4436515489691775
0.4308901995246374
0.4165112400365576
0.4005454229084054
0.3830267050294515
0.3639921137943388
0.3434816010085814
0.3215378852567042
0.2982062833552789
0.2735345315562067
0.2475725972060691
0.220372481605046
0.1919880148436536
0.1624746434272327
0.1318892115266017
0.1002897367184663
0.06773518110094284
0.03428521868783399
0
0
0.03472970439998273
0.06861249506079919
0.1015875300211416
0.1335944493063945
0.164573613043058
0.1944663367380582
0.2232151227940446
0.2507638873466469
0.2770581815281588
0.3020454062841288
0.3256750198948064
0.3478987373822031
0.3686707210155706
0.3879477611632471
0.4056894467769404
0.4218583248354499
0.4364200481184159
0.449343510726757
0.460600970814833
0.4701681600498526
0.4780243793664371
0.4841525806383608
0.4885394339450742
0.4911753801674795
0.4920546687053461
0.4911753801674794
0.4885394339450743
0.484152580638361
0.4780243793664372
0.4701681600498526
0.4606009708148332
0.449343510726757
0.4364200481184161
0.4218583248354499
0.4056894467769403
0.3879477611632471
0.3686707210155708
0.3478987373822032
0.3256750198948064
0.3020454062841286
0.2770581815281588
0.250763887346647
0.2232151227940446
0.1944663367380583
0.164573613043058
0.1335944493063946
0.1015875300211416
0.06861249506079918
0.03472970439998275
0
0
0.03504795514289689
0.06924063873336045
0.1025167149232619
0.1348153337652274
0.166076371259771
0.1962406665443087
0.2252502552876124
0.253048598368257
0.2795808049342577
0.3047938489632894
0.3286367784685485
0.3510609165243715
0.3720200533180179
0.3914706284694661
0.4093719028994973
0.4256861195676022
0.4403786524451923
0.4534181431360455
0.4647766246046712
0.4744296315241887
0.4823562968081248
0.4885394339450743
0.4929656048112199
0.4956251726930245
0.4965123403107948
0.4956251726930244
0.49296560481122
0.4885394339450743
0.4823562968081248
0.4744296315241889
0.4647766246046713
0.4534181431360459
0.4403786524451927
0.4256861195676021
0.4093719028994972
0.3914706284694661
0.3720200533180179
0.3510609165243716
0.3286367784685485
0.3047938489632892
0.2795808049342577
0.253048598368257
0.2252502552876126
0.1962406665443088
0.166076371259771
0.1348153337652275
0.102516714923262
0.06924063873336046
0.03504795514289692
0
0
0.03523921056979611
0.06961812245345803
0.1030751034704495
0.1355490096894415
0.1669794266350715
0.1973069076227792
0.2264732082807538
0.2544215163330946
0.2810966757370215
0.30644540428927
0.330416503842604
0.3529610623025663
0.3740326466070461
0.3935874859268444
0.4115846443640375
0.4279861824663952
0.4427573069202695
0.4558665078310437
0.4672856830492197
0.4769902490513802
0.4849592379383236
0.4911753801674795
0.4956251726930244
0.4982989322447253
0.4991908335351925
0.4982989322447255
0.4956251726930245
0.4911753801674795
0.4849592379383239
0.4769902490513805
0.46728568304922
0.455866507831044
0.4427573069202698
0.4279861824663949
0.4115846443640375
0.3935874859268443
0.374032646607046
0.3529610623025664
0.3304165038426041
0.3064454042892701
0.2810966757370215
0.2544215163330946
0.2264732082807539
0.1973069076227794
0.1669794266350715
0.1355490096894416
0.1030751034704495
0.0696181224534581
0.03523921056979618
0
0
0.03530301326919646
0.06974405006427623
0.1032613794271812
0.135793759431881
0.1672806787776733
0.1976625955059605
0.2268811718980281
0.2548795046264432
0.281602349251456
0.3069963381761196
0.3310101911996866
0.353594917838071
0.3747040106126757
0.3942936285445491
0.4123227701295077
0.4287534351113916
0.4435507744148464
0.4566832276457714
0.4681226476166504
0.4778444114052064
0.4858275175079836
0.492054668705346
0.4965123403107946
0.4991908335351925
0.500084313755247
0.4991908335351924
0.4965123403107947
0.4920546687053461
0.4858275175079838
0.4778444114052068
0.4681226476166506
0.4566832276457716
0.4435507744148465
0.4287534351113917
0.4123227701295078
0.3942936285445491
0.3747040106126756
0.3535949178380709
0.3310101911996867
0.3069963381761197
0.2816023492514559
0.2548795046264431
0.2268811718980281
0.1976625955059606
0.1672806787776733
0.1357937594318811
0.1032613794271813
0.06974405006427625
0.03530301326919642
0
0
0.03523921056979615
0.06961812245345804
0.1030751034704495
0.1355490096894415
0.1669794266350715
0.1973069076227793
0.2264732082807538
0.2544215163330946
0.2810966757370214
0.30644540428927
0.330416503842604
0.3529610623025664
0.3740326466070459
0.3935874859268443
0.4115846443640374
0.4279861824663949
0.4427573069202694
0.4558665078310437
0.4672856830492197
0.4769902490513801
0.4849592379383238
0.4911753801674794
0.4956251726930241
0.4982989322447253
0.4991908335351923
0.4982989322447254
0.4956251726930245
0.4911753801674795
0.4849592379383237
0.4769902490513804
0.46728568304922
0.455866507831044
0.4427573069202699
0.4279861824663951
0.4115846443640375
0.3935874859268443
0.374032646607046
0.3529610623025664
0.3304165038426038
0.30644540428927
0.2810966757370216
0.2544215163330945
0.2264732082807538
0.1973069076227792
0.1669794266350715
0.1355490096894415
0.1030751034704495
0.06961812245345805
0.03523921056979613
0
0
0.0350479551428969
0.06924063873336041
0.102516714923262
0.1348153337652275
0.166076371259771
0.1962406665443087
0.2252502552876126
0.253048598368257
0.2795808049342577
0.3047938489632891
0.3286367784685483
0.3510609165243715
0.3720200533180178
0.391470628469466
0.4093719028994972
0.4256861195676021
0.4403786524451924
0.4534181431360457
0.4647766246046712
0.4744296315241888
0.4823562968081248
0.4885394339450742
0.4929656048112198
0.495625172693024
0.4965123403107946
0.4956251726930244
0.4929656048112197
0.488539433945074
0.4823562968081248
0.4744296315241889
0.4647766246046715
0.4534181431360459
0.4403786524451928
0.4256861195676021
0.4093719028994972
0.3914706284694661
0.3720200533180179
0.3510609165243716
0.3286367784685484
0.3047938489632891
0.2795808049342576
0.2530485983682569
0.2252502552876124
0.1962406665443087
0.166076371259771
0.1348153337652276
0.102516714923262
0.06924063873336046
0.03504795514289692
0
0
0.03472970439998274
0.06861249506079914
0.1015875300211416
0.1335944493063946
0.1645736130430579
0.1944663367380582
0.2232151227940445
0.2507638873466468
0.2770581815281586
0.3020454062841287
0.3256750198948062
0.3478987373822031
0.3686707210155708
0.387947761163247
0.4056894467769404
0.42185832483545
0.436420048118416
0.449343510726757
0.4606009708148331
0.4701681600498527
0.4780243793664369
0.4841525806383609
0.4885394339450742
0.4911753801674791
0.4920546687053459
0.4911753801674793
0.488539433945074
0.4841525806383609
0.478024379366437
0.4701681600498527
0.4606009708148333
0.4493435107267572
0.4364200481184161
0.42185832483545
0.4056894467769402
0.387947761163247
0.3686707210155706
0.3478987373822031
0.3256750198948063
0.3020454062841287
0.2770581815281586
0.2507638873466468
0.2232151227940446
0.1944663367380582
0.164573613043058
0.1335944493063946
0.1015875300211417
0.06861249506079922
0.03472970439998277
0
0
0.03428521868783394
0.0677351811009428
0.1002897367184661
0.1318892115266016
0.1624746434272327
0.1919880148436536
0.2203724816050459
0.247572597206069
0.2735345315562066
0.2982062833552789
0.321537885256704
0.343481601008581
0.3639921137943386
0.3830267050294516
0.4005454229084055
0.4165112400365578
0.4308901995246375
0.4436515489691774
0.4547678617899902
0.4642151454457143
0.4719729361002556
0.4780243793664371
0.4823562968081247
0.4849592379383236
0.4858275175079837
0.4849592379383237
0.4823562968081247
0.478024379366437
0.4719729361002556
0.4642151454457143
0.4547678617899903
0.4436515489691775
0.4308901995246373
0.4165112400365575
0.4005454229084053
0.3830267050294514
0.3639921137943384
0.3434816010085812
0.3215378852567041
0.2982062833552788
0.2735345315562065
0.247572597206069
0.220372481605046
0.1919880148436537
0.1624746434272328
0.1318892115266017
0.1002897367184662
0.0677351811009428
0.034285218687834
0
0
0.03371555828830131
0.06661077414931336
0.09862638605514952
0.1297036019398279
0.1597843311290173
0.1888114135082933
0.2167288450251285
0.2434819986343398
0.2690178398147146
0.2932851358059906
0.3162346577401673
0.3378193748691844
0.3579946401222207
0.3767183662601003
0.3939511919314164
0.4096566369748575
0.4238012463546754
0.4363547221611055
0.4472900431546747
0.4565835713825002
0.4642151454457143
0.4701681600498529
0.4744296315241888
0.47699024905138
0.4778444114052066
0.47699024905138
0.4744296315241887
0.4701681600498527
0.4642151454457143
0.4565835713825007
0.4472900431546749
0.4363547221611054
0.4238012463546754
0.4096566369748574
0.393951191931416
0.3767183662601001
0.3579946401222207
0.3378193748691843
0.3162346577401672
0.2932851358059905
0.2690178398147144
0.2434819986343397
0.2167288450251285
0.1888114135082933
0.1597843311290174
0.1297036019398279
0.09862638605514959
0.06661077414931343
0.03371555828830135
0
0
0.03302207923458197
0.06524193093509568
0.0966013801177425
0.1270427126500244
0.1565089029285199
0.1849438388457852
0.2122925431581939
0.2385013903807608
0.2635183183526638
0.2872930336382409
0.3097772099525788
0.330924678828367
0.3506916117713214
0.3690366931851005
0.3859212833830662
0.4013095710434033
0.4151687145057652
0.4274689713516853
0.4381838157572332
0.4472900431546747
0.4547678617899902
0.4606009708148333
0.4647766246046715
0.4672856830492198
0.4681226476166504
0.4672856830492195
0.4647766246046711
0.4606009708148333
0.4547678617899905
0.4472900431546749
0.4381838157572333
0.4274689713516853
0.415168714505765
0.401309571043403
0.3859212833830658
0.3690366931851002
0.3506916117713215
0.3309246788283668
0.3097772099525788
0.2872930336382409
0.2635183183526638
0.2385013903807606
0.2122925431581938
0.1849438388457852
0.15650890292852
0.1270427126500245
0.09660138011774254
0.06524193093509575
0.03302207923458202
0
0
0.03220642796051212
0.06363187713810915
0.09421945664247315
0.1239127262586139
0.1526559190995847
0.1803941616081416
0.2070736900387661
0.232642062565384
0.2570483661774
0.2802434175472543
0.3021799570765237
0.3228128353545237
0.3420991912933355
0.3599986212360465
0.3764733383706339
0.3914883218201964
0.4050114548209967
0.4170136514428571
0.4274689713516852
0.4363547221611055
0.4436515489691774
0.449343510726757
0.4534181431360457
0.4558665078310437
0.4566832276457716
0.4558665078310437
0.4534181431360457
0.449343510726757
0.4436515489691775
0.4363547221611054
0.4274689713516853
0.4170136514428572
0.4050114548209964
0.3914883218201959
0.3764733383706334
0.3599986212360462
0.3420991912933354
0.3228128353545237
0.3021799570765237
0.2802434175472542
0.2570483661773998
0.232642062565384
0.2070736900387661
0.1803941616081416
0.1526559190995847
0.1239127262586139
0.09421945664247323
0.06363187713810926
0.03220642796051217
0
0
0.03127053480399632
0.06178439466082202
0.0914861703210028
0.1203208914691478
0.1482342435785118
0.1751727821835246
0.2010841437243267
0.2259172521309029
0.2496225203312418
0.2721520458879995
0.29345979999134
0.3135018090618628
0.3322363282467074
0.3496240061239388
0.3656280399650292
0.3802143209425295
0.3933515687097217
0.4050114548209965
0.4151687145057651
0.4238012463546756
0.4308901995246374
0.4364200481184161
0.4403786524451926
0.4427573069202698
0.4435507744148466
0.4427573069202696
0.4403786524451924
0.4364200481184161
0.4308901995246375
0.4238012463546756
0.4151687145057649
0.4050114548209964
0.3933515687097213
0.3802143209425293
0.3656280399650287
0.3496240061239384
0.3322363282467073
0.3135018090618626
0.2934597999913399
0.2721520458879993
0.2496225203312419
0.2259172521309031
0.2010841437243267
0.1751727821835245
0.1482342435785117
0.1203208914691478
0.09148617032100287
0.06178439466082208
0.03127053480399634
0
0
0.03021660639021731
0.05970380670564759
0.08840787088268905
0.1162754944854176
0.1432540089889011
0.1692915895587068
0.19433745950628
0.2183420906130092
0.2412573985321219
0.2630369324970005
0.2836360585869918
0.3030121358272323
0.3211246844273066
0.3379355454945951
0.3534090315918334
0.3675120675445476
0.3802143209425295
0.3914883218201963
0.401309571043403
0.4096566369748577
0.4165112400365576
0.42185832483545
0.4256861195676021
0.427986182466395
0.4287534351113919
0.4279861824663951
0.4256861195676023
0.4218583248354503
0.4165112400365578
0.4096566369748576
0.4013095710434029
0.3914883218201962
0.3802143209425293
0.3675120675445475
0.3534090315918331
0.3379355454945949
0.3211246844273065
0.3030121358272324
0.2836360585869916
0.2630369324970003
0.2412573985321218
0.2183420906130091
0.19433745950628
0.1692915895587067
0.1432540089889009
0.1162754944854176
0.0884078708826891
0.05970380670564761
0.03021660639021734
0
0
0.02904711692469157
0.05739496071642745
0.08499167803987086
0.1117858263159197
0.1377265766606754
0.1627639144080354
0.1868488364242404
0.2099335444353874
0.2319716336046734
0.2529182756149045
0.2727303955335043
0.2913668417618095
0.3087885483977567
0.3249586893710102
0.3398428237420778
0.3534090315918334
0.3656280399650293
0.3764733383706338
0.3859212833830662
0.3939511919314164
0.4005454229084056
0.4056894467769404
0.4093719028994973
0.4115846443640376
0.4123227701295079
0.4115846443640377
0.4093719028994975
0.4056894467769405
0.4005454229084056
0.3939511919314161
0.3859212833830662
0.3764733383706337
0.365628039965029
0.3534090315918333
0.3398428237420777
0.3249586893710101
0.3087885483977564
0.2913668417618095
0.2727303955335043
0.2529182756149047
0.2319716336046733
0.2099335444353874
0.1868488364242405
0.1627639144080354
0.1377265766606754
0.1117858263159197
0.08499167803987079
0.05739496071642741
0.02904711692469159
0
0
0.02776479843053937
0.05486320925143554
0.08124545339507398
0.1068621461137325
0.1316644918011027
0.1556044764940727
0.1786350572947679
0.2007103479650245
0.2217857999605913
0.2418183781903737
0.2607667308068669
0.2785913523574962
0.2952547396528056
0.3107215397361837
0.3249586893710104
0.3379355454945951
0.3496240061239386
0.3599986212360464
0.3690366931851004
0.3767183662601001
0.3830267050294517
0.3879477611632471
0.3914706284694663
0.3935874859268444
0.3942936285445493
0.3935874859268445
0.3914706284694662
0.3879477611632473
0.3830267050294516
0.3767183662601002
0.3690366931851004
0.3599986212360463
0.3496240061239387
0.3379355454945951
0.3249586893710102
0.3107215397361835
0.2952547396528056
0.2785913523574962
0.2607667308068666
0.2418183781903737
0.2217857999605912
0.2007103479650244
0.1786350572947678
0.1556044764940727
0.1316644918011027
0.1068621461137325
0.08124545339507397
0.0548632092514355
0.02776479843053934
0
0
0.02637262996850535
0.05211438886340346
0.07717776942102886
0.1015156406965159
0.1250814339947701
0.1478293265875409
0.1697144224912799
0.1906929295920865
0.2107223324184742
0.2297615598798919
0.2477711473088067
0.2647133921666621
0.280552502799041
0.2952547396528056
0.3087885483977566
0.3211246844273067
0.3322363282467073
0.3420991912933354
0.3506916117713216
0.3579946401222206
0.3639921137943387
0.3686707210155709
0.372020053318018
0.3740326466070461
0.3747040106126756
0.3740326466070462
0.3720200533180179
0.368670721015571
0.3639921137943389
0.3579946401222208
0.3506916117713216
0.3420991912933354
0.3322363282467073
0.3211246844273066
0.3087885483977564
0.2952547396528056
0.2805525027990409
0.2647133921666621
0.2477711473088065
0.2297615598798919
0.2107223324184742
0.1906929295920864
0.16971442249128
0.1478293265875408
0.1250814339947701
0.101515640696516
0.07717776942102887
0.05211438886340348
0.02637262996850535
0
0
0.02487382588228194
0.04915479706993431
0.07279787563594509
0.09575838040642209
0.1179921632279065
0.1394557831358353
0.1601066777365367
0.1799033311261571
0.1988054376836002
0.2167740610908625
0.2337717879529932
0.2497628754112406
0.2647133921666621
0.2785913523574962
0.2913668417618095
0.3030121358272323
0.3135018090618627
0.3228128353545236
0.3309246788283668
0.3378193748691844
0.3434816010085812
0.3478987373822032
0.3510609165243718
0.3529610623025666
0.3535949178380711
0.3529610623025664
0.3510609165243717
0.3478987373822033
0.3434816010085814
0.3378193748691845
0.3309246788283668
0.3228128353545237
0.3135018090618626
0.3030121358272322
0.2913668417618094
0.2785913523574961
0.264713392166662
0.2497628754112405
0.2337717879529932
0.2167740610908625
0.1988054376836002
0.179903331126157
0.1601066777365368
0.1394557831358353
0.1179921632279065
0.09575838040642209
0.07279787563594507
0.04915479706993429
0.02487382588228189
0
0
0.02327182311553424
0.04599116750520973
0.06811566210756195
0.08960327148415249
0.1104124616501142
0.1305023639300989
0.1498329361927288
0.1683651208270124
0.1860609988370612
0.2028839394467778
0.2187987446239175
0.2337717879529932
0.2477711473088066
0.2607667308068669
0.2727303955335044
0.2836360585869916
0.2934597999913397
0.3021799570765236
0.3097772099525787
0.3162346577401675
0.3215378852567041
0.3256750198948062
0.3286367784685484
0.3304165038426042
0.3310101911996868
0.3304165038426039
0.3286367784685483
0.3256750198948063
0.3215378852567042
0.3162346577401676
0.3097772099525788
0.3021799570765237
0.2934597999913397
0.2836360585869916
0.2727303955335042
0.2607667308068668
0.2477711473088067
0.2337717879529932
0.2187987446239174
0.2028839394467777
0.1860609988370611
0.1683651208270124
0.1498329361927289
0.1305023639300989
0.1104124616501141
0.08960327148415245
0.06811566210756194
0.04599116750520975
0.02327182311553424
0
0
0.02157026765069156
0.04263064335107654
0.06314162043003776
0.08306400514516138
0.1023590713033995
0.1209887130405971
0.1389155951567144
0.1561033004132389
0.1725164732112827
0.1881209590831606
0.2028839394467777
0.2167740610908624
0.229761559879892
0.2418183781903737
0.2529182756149047
0.2630369324970003
0.2721520458879993
0.2802434175472542
0.2872930336382408
0.2932851358059906
0.2982062833552788
0.3020454062841288
0.3047938489632893
0.3064454042892701
0.3069963381761198
0.30644540428927
0.3047938489632892
0.3020454062841288
0.298206283355279
0.2932851358059909
0.2872930336382409
0.2802434175472542
0.2721520458879992
0.2630369324970003
0.2529182756149045
0.2418183781903737
0.229761559879892
0.2167740610908626
0.2028839394467777
0.1881209590831606
0.1725164732112826
0.1561033004132389
0.1389155951567145
0.1209887130405971
0.1023590713033995
0.08306400514516137
0.06314162043003779
0.04263064335107655
0.02157026765069155
0
0
0.01977300012303549
0.03908074915238953
0.05788680232771767
0.07615500355902187
0.09384962806431379
0.1109355233088112
0.1273782476892454
0.1431442064157741
0.1582007840550613
0.1725164732112826
0.1860609988370611
0.1988054376836002
0.2107223324184743
0.2217857999605912
0.2319716336046734
0.2412573985321219
0.2496225203312419
0.2570483661773999
0.2635183183526636
0.2690178398147144
0.2735345315562066
0.2770581815281587
0.2795808049342577
0.2810966757370216
0.281602349251456
0.2810966757370215
0.2795808049342576
0.2770581815281589
0.2735345315562067
0.2690178398147147
0.2635183183526639
0.2570483661774
0.2496225203312419
0.2412573985321219
0.2319716336046733
0.2217857999605913
0.2107223324184743
0.1988054376836002
0.1860609988370611
0.1725164732112826
0.1582007840550612
0.1431442064157741
0.1273782476892455
0.1109355233088112
0.09384962806431382
0.07615500355902184
0.05788680232771769
0.03908074915238954
0.01977300012303551
0
0
0.01788404066687252
0.03534936112786764
0.05236277604918851
0.06889136294519826
0.08490259205996396
0.1003644547022107
0.1152455895270263
0.1295154062657772
0.1431442064157742
0.1561033004132389
0.1683651208270122
0.1799033311261571
0.1906929295920865
0.2007103479650245
0.2099335444353874
0.2183420906130091
0.2259172521309031
0.2326420625653842
0.2385013903807606
0.2434819986343398
0.2475725972060689
0.2507638873466468
0.2530485983682569
0.2544215163330946
0.2548795046264432
0.2544215163330945
0.253048598368257
0.2507638873466467
0.2475725972060689
0.2434819986343399
0.2385013903807608
0.2326420625653841
0.225917252130903
0.2183420906130092
0.2099335444353874
0.2007103479650245
0.1906929295920865
0.1799033311261571
0.1683651208270124
0.1561033004132389
0.1431442064157741
0.1295154062657772
0.1152455895270263
0.1003644547022107
0.08490259205996402
0.06889136294519824
0.0523627760491885
0.03534936112786764
0.01788404066687256
0
0
0.01590757305360896
0.03144467609365949
0.04658158072375409
0.06128879400985292
0.07553717483257587
0.0892980488539996
0.1025433216450708
0.1152455895270264
0.1273782476892456
0.1389155951567144
0.1498329361927288
0.1601066777365368
0.1697144224912801
0.1786350572947679
0.1868488364242404
0.1943374595062801
0.2010841437243268
0.2070736900387662
0.2122925431581938
0.2167288450251285
0.2203724816050459
0.2232151227940446
0.2252502552876125
0.2264732082807538
0.226881171898028
0.2264732082807538
0.2252502552876125
0.2232151227940445
0.2203724816050459
0.2167288450251286
0.212292543158194
0.2070736900387662
0.2010841437243268
0.1943374595062802
0.1868488364242405
0.1786350572947679
0.16971442249128
0.1601066777365369
0.1498329361927289
0.1389155951567144
0.1273782476892455
0.1152455895270263
0.1025433216450707
0.08929804885399961
0.07553717483257587
0.06128879400985292
0.0465815807237541
0.03144467609365952
0.01590757305360899
0
0
0.01384792818434322
0.02737517912229211
0.04055567886050818
0.0533635599588145
0.0657732635401303
0.07775964012519528
0.08929804885399963
0.1003644547022107
0.1109355233088113
0.1209887130405971
0.130502363930099
0.1394557831358353
0.147829326587541
0.1556044764940728
0.1627639144080354
0.1692915895587067
0.1751727821835246
0.1803941616081416
0.1849438388457851
0.1888114135082932
0.1919880148436536
0.1944663367380582
0.1962406665443088
0.1973069076227793
0.1976625955059606
0.1973069076227792
0.1962406665443087
0.1944663367380582
0.1919880148436535
0.1888114135082933
0.1849438388457851
0.1803941616081416
0.1751727821835246
0.1692915895587068
0.1627639144080354
0.1556044764940727
0.1478293265875409
0.1394557831358354
0.130502363930099
0.1209887130405972
0.1109355233088112
0.1003644547022107
0.08929804885399958
0.07775964012519528
0.0657732635401303
0.05336355995881448
0.04055567886050818
0.02737517912229215
0.01384792818434325
0
0
0.01170956700213826
0.02314961006466983
0.03429790717751727
0.04513241233140453
0.05563134249229588
0.06577326354013029
0.07553717483257585
0.08490259205996398
0.09384962806431382
0.1023590713033995
0.1104124616501142
0.1179921632279066
0.1250814339947702
0.1316644918011028
0.1377265766606754
0.143254008988901
0.1482342435785117
0.1526559190995847
0.15650890292852
0.1597843311290173
0.1624746434272327
0.1645736130430579
0.166076371259771
0.1669794266350715
0.1672806787776733
0.1669794266350715
0.1660763712597709
0.164573613043058
0.1624746434272326
0.1597843311290173
0.1565089029285199
0.1526559190995846
0.1482342435785117
0.143254008988901
0.1377265766606755
0.1316644918011028
0.1250814339947702
0.1179921632279066
0.1104124616501142
0.1023590713033995
0.09384962806431382
0.08490259205996403
0.07553717483257588
0.06577326354013029
0.05563134249229588
0.0451324123314045
0.03429790717751727
0.02314961006466985
0.01170956700213827
0
0
0.009497062891428872
0.01877692906728015
0.02782142595521942
0.03661252490842559
0.04513241233140451
0.05336355995881448
0.06128879400985291
0.06889136294519821
0.07615500355902184
0.08306400514516141
0.08960327148415255
0.09575838040642209
0.101515640696516
0.1068621461137325
0.1117858263159197
0.1162754944854176
0.1203208914691477
0.1239127262586139
0.1270427126500244
0.1297036019398279
0.1318892115266017
0.1335944493063945
0.1348153337652275
0.1355490096894415
0.1357937594318811
0.1355490096894415
0.1348153337652275
0.1335944493063946
0.1318892115266016
0.1297036019398279
0.1270427126500244
0.1239127262586139
0.1203208914691477
0.1162754944854176
0.1117858263159198
0.1068621461137325
0.101515640696516
0.09575838040642214
0.08960327148415254
0.08306400514516139
0.07615500355902186
0.06889136294519824
0.06128879400985292
0.05336355995881449
0.04513241233140453
0.03661252490842557
0.02782142595521942
0.01877692906728015
0.009497062891428876
0
0
0.007215083634044001
0.01426628122073148
0.02113966711397322
0.02782142595521942
0.03429790717751726
0.04055567886050816
0.04658158072375411
0.05236277604918849
0.05788680232771767
0.06314162043003778
0.06811566210756198
0.07279787563594507
0.07717776942102887
0.08124545339507395
0.08499167803987079
0.08840787088268912
0.09148617032100283
0.09421945664247323
0.09660138011774254
0.09862638605514955
0.1002897367184662
0.1015875300211416
0.102516714923262
0.1030751034704495
0.1032613794271813
0.1030751034704495
0.102516714923262
0.1015875300211416
0.1002897367184662
0.09862638605514952
0.09660138011774251
0.09421945664247312
0.09148617032100283
0.08840787088268913
0.08499167803987086
0.081245453395074
0.07717776942102891
0.0727978756359451
0.06811566210756195
0.06314162043003776
0.05788680232771767
0.05236277604918849
0.04658158072375409
0.04055567886050818
0.03429790717751728
0.02782142595521942
0.02113966711397323
0.0142662812207315
0.007215083634044005
0
0
0.004868372993075321
0.009626960479179086
0.01426628122073148
0.01877692906728015
0.02314961006466986
0.02737517912229212
0.03144467609365951
0.03534936112786764
0.03908074915238954
0.04263064335107654
0.04599116750520976
0.04915479706993432
0.05211438886340348
0.05486320925143554
0.05739496071642742
0.05970380670564761
0.06178439466082206
0.06363187713810929
0.06524193093509573
0.06661077414931342
0.06773518110094284
0.06861249506079918
0.06924063873336049
0.06961812245345808
0.06974405006427627
0.06961812245345807
0.06924063873336045
0.06861249506079915
0.06773518110094279
0.06661077414931342
0.06524193093509575
0.06363187713810922
0.06178439466082204
0.05970380670564763
0.05739496071642747
0.05486320925143553
0.05211438886340352
0.04915479706993437
0.04599116750520978
0.04263064335107657
0.03908074915238955
0.03534936112786762
0.03144467609365949
0.02737517912229214
0.02314961006466986
0.01877692906728015
0.01426628122073149
0.009626960479179096
0.00486837299307533
0
0
0.002461731997293928
0.004868372993075307
0.007215083634043993
0.009497062891428874
0.01170956700213827
0.01384792818434321
0.01590757305360898
0.01788404066687255
0.0197730001230355
0.02157026765069155
0.02327182311553425
0.02487382588228192
0.02637262996850539
0.0277647984305394
0.02904711692469158
0.0302166063902173
0.03127053480399631
0.03220642796051217
0.03302207923458201
0.03371555828830138
0.03428521868783403
0.03472970439998269
0.03504795514289694
0.03523921056979617
0.03530301326919646
0.03523921056979613
0.03504795514289689
0.03472970439998273
0.03428521868783401
0.03371555828830136
0.033022079234582
0.03220642796051212
0.03127053480399632
0.03021660639021734
0.02904711692469161
0.02776479843053939
0.02637262996850541
0.02487382588228199
0.02327182311553428
0.02157026765069157
0.01977300012303552
0.01788404066687255
0.01590757305360898
0.01384792818434323
0.01170956700213825
0.00949706289142886
0.007215083634043985
0.004868372993075318
0.00246173199729393
0
0
0
0
0
0
0
0
0
0
0
0
0
0
0
0
0
0
0
0
0
0
0
0
0
0
0
0
0
0
0
0
0
0
0
0
0
0
0
0
0
0
0
0
0
0
0
0
0
0
0
0
