12.5 0 -10 
12.4025 0.314159 -9.96094 
12.3055 0.628319 -9.92188 
12.2087 0.942478 -9.88281 
12.1124 1.25664 -9.84375 
12.0165 1.5708 -9.80469 
11.9209 1.88496 -9.76562 
11.8258 2.19911 -9.72656 
11.731 2.51327 -9.6875 
11.6365 2.82743 -9.64844 
11.5425 3.14159 -9.60938 
11.4489 3.45575 -9.57031 
11.3556 3.76991 -9.53125 
11.2627 4.08407 -9.49219 
11.1702 4.39823 -9.45312 
11.0781 4.71239 -9.41406 
10.9863 5.02655 -9.375 
10.895 5.34071 -9.33594 
10.804 5.65487 -9.29688 
10.7134 5.96903 -9.25781 
10.6232 6.28319 -9.21875 
10.5333 6.59734 -9.17969 
10.4439 6.9115 -9.14062 
10.3548 7.22566 -9.10156 
10.2661 7.53982 -9.0625 
10.1778 7.85398 -9.02344 
10.0899 8.16814 -8.98438 
10.0023 8.4823 -8.94531 
9.91516 8.79646 -8.90625 
9.82838 9.11062 -8.86719 
9.74197 9.42478 -8.82812 
9.65595 9.73894 -8.78906 
9.57031 10.0531 -8.75 
9.48505 10.3673 -8.71094 
9.40018 10.6814 -8.67188 
9.31568 10.9956 -8.63281 
9.23157 11.3097 -8.59375 
9.14783 11.6239 -8.55469 
9.06448 11.9381 -8.51562 
8.98151 12.2522 -8.47656 
8.89893 12.5664 -8.4375 
8.81672 12.8805 -8.39844 
8.73489 13.1947 -8.35938 
8.65345 13.5088 -8.32031 
8.57239 13.823 -8.28125 
8.49171 14.1372 -8.24219 
8.41141 14.4513 -8.20312 
8.33149 14.7655 -8.16406 
8.25195 15.0796 -8.125 
8.1728 15.3938 -8.08594 
8.09402 15.708 -8.04688 
8.01563 16.0221 -8.00781 
7.93762 16.3363 -7.96875 
7.85999 16.6504 -7.92969 
7.78275 16.9646 -7.89062 
7.70588 17.2788 -7.85156 
7.62939 17.5929 -7.8125 
7.55329 17.9071 -7.77344 
7.47757 18.2212 -7.73438 
7.40223 18.5354 -7.69531 
7.32727 18.8496 -7.65625 
7.25269 19.1637 -7.61719 
7.1785 19.4779 -7.57812 
7.10468 19.792 -7.53906 
7.03125 20.1062 -7.5 
6.9582 20.4204 -7.46094 
6.88553 20.7345 -7.42188 
6.81324 21.0487 -7.38281 
6.74133 21.3628 -7.34375 
6.66981 21.677 -7.30469 
6.59866 21.9911 -7.26562 
6.5279 22.3053 -7.22656 
6.45752 22.6195 -7.1875 
6.38752 22.9336 -7.14844 
6.3179 23.2478 -7.10938 
6.24866 23.5619 -7.07031 
6.17981 23.8761 -7.03125 
6.11134 24.1903 -6.99219 
6.04324 24.5044 -6.95312 
5.97553 24.8186 -6.91406 
5.9082 25.1327 -6.875 
5.84126 25.4469 -6.83594 
5.77469 25.7611 -6.79688 
5.7085 26.0752 -6.75781 
5.6427 26.3894 -6.71875 
5.57728 26.7035 -6.67969 
5.51224 27.0177 -6.64062 
5.44758 27.3319 -6.60156 
5.3833 27.646 -6.5625 
5.3194 27.9602 -6.52344 
5.25589 28.2743 -6.48438 
5.19276 28.5885 -6.44531 
5.13 28.9027 -6.40625 
5.06763 29.2168 -6.36719 
5.00565 29.531 -6.32812 
4.94404 29.8451 -6.28906 
4.88281 30.1593 -6.25 
4.82197 30.4734 -6.21094 
4.76151 30.7876 -6.17188 
4.70142 31.1018 -6.13281 
4.64172 31.4159 -6.09375 
4.58241 31.7301 -6.05469 
4.52347 32.0442 -6.01562 
4.46491 32.3584 -5.97656 
4.40674 32.6726 -5.9375 
4.34895 32.9867 -5.89844 
4.29153 33.3009 -5.85938 
4.2345 33.615 -5.82031 
4.17786 33.9292 -5.78125 
4.12159 34.2434 -5.74219 
4.0657 34.5575 -5.70312 
4.0102 34.8717 -5.66406 
3.95508 35.1858 -5.625 
3.90034 35.5 -5.58594 
3.84598 35.8142 -5.54688 
3.792 36.1283 -5.50781 
3.7384 36.4425 -5.46875 
3.68519 36.7566 -5.42969 
3.63235 37.0708 -5.39062 
3.5799 37.385 -5.35156 
3.52783 37.6991 -5.3125 
3.47614 38.0133 -5.27344 
3.42484 38.3274 -5.23438 
3.37391 38.6416 -5.19531 
3.32336 38.9557 -5.15625 
3.2732 39.2699 -5.11719 
3.22342 39.5841 -5.07812 
3.17402 39.8982 -5.03906 
3.125 40.2124 -5 
3.07636 40.5265 -4.96094 
3.02811 40.8407 -4.92188 
2.98023 41.1549 -4.88281 
2.93274 41.469 -4.84375 
2.88563 41.7832 -4.80469 
2.8389 42.0973 -4.76562 
2.79255 42.4115 -4.72656 
2.74658 42.7257 -4.6875 
2.701 43.0398 -4.64844 
2.65579 43.354 -4.60938 
2.61097 43.6681 -4.57031 
2.56653 43.9823 -4.53125 
2.52247 44.2965 -4.49219 
2.47879 44.6106 -4.45312 
2.43549 44.9248 -4.41406 
2.39258 45.2389 -4.375 
2.35004 45.5531 -4.33594 
2.30789 45.8673 -4.29688 
2.26612 46.1814 -4.25781 
2.22473 46.4956 -4.21875 
2.18372 46.8097 -4.17969 
2.1431 47.1239 -4.14062 
2.10285 47.438 -4.10156 
2.06299 47.7522 -4.0625 
2.02351 48.0664 -4.02344 
1.98441 48.3805 -3.98438 
1.94569 48.6947 -3.94531 
1.90735 49.0088 -3.90625 
1.86939 49.323 -3.86719 
1.83182 49.6372 -3.82812 
1.79462 49.9513 -3.78906 
1.75781 50.2655 -3.75 
1.72138 50.5796 -3.71094 
1.68533 50.8938 -3.67188 
1.64967 51.208 -3.63281 
1.61438 51.5221 -3.59375 
1.57948 51.8363 -3.55469 
1.54495 52.1504 -3.51562 
1.51081 52.4646 -3.47656 
1.47705 52.7788 -3.4375 
1.44367 53.0929 -3.39844 
1.41068 53.4071 -3.35938 
1.37806 53.7212 -3.32031 
1.34583 54.0354 -3.28125 
1.31397 54.3496 -3.24219 
1.2825 54.6637 -3.20312 
1.25141 54.9779 -3.16406 
1.2207 55.292 -3.125 
1.19038 55.6062 -3.08594 
1.16043 55.9203 -3.04688 
1.13087 56.2345 -3.00781 
1.10168 56.5487 -2.96875 
1.07288 56.8628 -2.92969 
1.04446 57.177 -2.89062 
1.01643 57.4911 -2.85156 
0.98877 57.8053 -2.8125 
0.961494 58.1195 -2.77344 
0.934601 58.4336 -2.73438 
0.908089 58.7478 -2.69531 
0.881958 59.0619 -2.65625 
0.856209 59.3761 -2.61719 
0.830841 59.6903 -2.57812 
0.805855 60.0044 -2.53906 
0.78125 60.3186 -2.5 
0.757027 60.6327 -2.46094 
0.733185 60.9469 -2.42188 
0.709724 61.2611 -2.38281 
0.686646 61.5752 -2.34375 
0.663948 61.8894 -2.30469 
0.641632 62.2035 -2.26562 
0.619698 62.5177 -2.22656 
0.598145 62.8319 -2.1875 
0.576973 63.146 -2.14844 
0.556183 63.4602 -2.10938 
0.535774 63.7743 -2.07031 
0.515747 64.0885 -2.03125 
0.496101 64.4026 -1.99219 
0.476837 64.7168 -1.95312 
0.457954 65.031 -1.91406 
0.439453 65.3451 -1.875 
0.421333 65.6593 -1.83594 
0.403595 65.9734 -1.79688 
0.386238 66.2876 -1.75781 
0.369263 66.6018 -1.71875 
0.352669 66.9159 -1.67969 
0.336456 67.2301 -1.64062 
0.320625 67.5442 -1.60156 
0.305176 67.8584 -1.5625 
0.290108 68.1726 -1.52344 
0.275421 68.4867 -1.48438 
0.261116 68.8009 -1.44531 
0.247192 69.115 -1.40625 
0.23365 69.4292 -1.36719 
0.22049 69.7434 -1.32812 
0.20771 70.0575 -1.28906 
0.195312 70.3717 -1.25 
0.183296 70.6858 -1.21094 
0.171661 71 -1.17188 
0.160408 71.3142 -1.13281 
0.149536 71.6283 -1.09375 
0.139046 71.9425 -1.05469 
0.128937 72.2566 -1.01562 
0.119209 72.5708 -0.976562 
0.109863 72.8849 -0.9375 
0.100899 73.1991 -0.898438 
0.0923157 73.5133 -0.859375 
0.0841141 73.8274 -0.820312 
0.0762939 74.1416 -0.78125 
0.0688553 74.4557 -0.742188 
0.0617981 74.7699 -0.703125 
0.0551224 75.0841 -0.664062 
0.0488281 75.3982 -0.625 
0.0429153 75.7124 -0.585938 
0.037384 76.0265 -0.546875 
0.0322342 76.3407 -0.507812 
0.0274658 76.6549 -0.46875 
0.0230789 76.969 -0.429688 
0.0190735 77.2832 -0.390625 
0.0154495 77.5973 -0.351562 
0.012207 77.9115 -0.3125 
0.00934601 78.2257 -0.273438 
0.00686646 78.5398 -0.234375 
0.00476837 78.854 -0.195312 
0.00305176 79.1681 -0.15625 
0.00171661 79.4823 -0.117188 
0.000762939 79.7965 -0.078125 
0.000190735 80.1106 -0.0390625 
0 -80.4248 0 
0.000190735 -80.1106 0.0390625 
0.000762939 -79.7965 0.078125 
0.00171661 -79.4823 0.117188 
0.00305176 -79.1681 0.15625 
0.00476837 -78.854 0.195312 
0.00686646 -78.5398 0.234375 
0.00934601 -78.2257 0.273438 
0.012207 -77.9115 0.3125 
0.0154495 -77.5973 0.351562 
0.0190735 -77.2832 0.390625 
0.0230789 -76.969 0.429688 
0.0274658 -76.6549 0.46875 
0.0322342 -76.3407 0.507812 
0.037384 -76.0265 0.546875 
0.0429153 -75.7124 0.585938 
0.0488281 -75.3982 0.625 
0.0551224 -75.0841 0.664062 
0.0617981 -74.7699 0.703125 
0.0688553 -74.4557 0.742188 
0.0762939 -74.1416 0.78125 
0.0841141 -73.8274 0.820312 
0.0923157 -73.5133 0.859375 
0.100899 -73.1991 0.898438 
0.109863 -72.8849 0.9375 
0.119209 -72.5708 0.976562 
0.128937 -72.2566 1.01562 
0.139046 -71.9425 1.05469 
0.149536 -71.6283 1.09375 
0.160408 -71.3142 1.13281 
0.171661 -71 1.17188 
0.183296 -70.6858 1.21094 
0.195312 -70.3717 1.25 
0.20771 -70.0575 1.28906 
0.22049 -69.7434 1.32812 
0.23365 -69.4292 1.36719 
0.247192 -69.115 1.40625 
0.261116 -68.8009 1.44531 
0.275421 -68.4867 1.48438 
0.290108 -68.1726 1.52344 
0.305176 -67.8584 1.5625 
0.320625 -67.5442 1.60156 
0.336456 -67.2301 1.64062 
0.352669 -66.9159 1.67969 
0.369263 -66.6018 1.71875 
0.386238 -66.2876 1.75781 
0.403595 -65.9734 1.79688 
0.421333 -65.6593 1.83594 
0.439453 -65.3451 1.875 
0.457954 -65.031 1.91406 
0.476837 -64.7168 1.95312 
0.496101 -64.4026 1.99219 
0.515747 -64.0885 2.03125 
0.535774 -63.7743 2.07031 
0.556183 -63.4602 2.10938 
0.576973 -63.146 2.14844 
0.598145 -62.8319 2.1875 
0.619698 -62.5177 2.22656 
0.641632 -62.2035 2.26562 
0.663948 -61.8894 2.30469 
0.686646 -61.5752 2.34375 
0.709724 -61.2611 2.38281 
0.733185 -60.9469 2.42188 
0.757027 -60.6327 2.46094 
0.78125 -60.3186 2.5 
0.805855 -60.0044 2.53906 
0.830841 -59.6903 2.57812 
0.856209 -59.3761 2.61719 
0.881958 -59.0619 2.65625 
0.908089 -58.7478 2.69531 
0.934601 -58.4336 2.73438 
0.961494 -58.1195 2.77344 
0.98877 -57.8053 2.8125 
1.01643 -57.4911 2.85156 
1.04446 -57.177 2.89062 
1.07288 -56.8628 2.92969 
1.10168 -56.5487 2.96875 
1.13087 -56.2345 3.00781 
1.16043 -55.9203 3.04688 
1.19038 -55.6062 3.08594 
1.2207 -55.292 3.125 
1.25141 -54.9779 3.16406 
1.2825 -54.6637 3.20312 
1.31397 -54.3496 3.24219 
1.34583 -54.0354 3.28125 
1.37806 -53.7212 3.32031 
1.41068 -53.4071 3.35938 
1.44367 -53.0929 3.39844 
1.47705 -52.7788 3.4375 
1.51081 -52.4646 3.47656 
1.54495 -52.1504 3.51562 
1.57948 -51.8363 3.55469 
1.61438 -51.5221 3.59375 
1.64967 -51.208 3.63281 
1.68533 -50.8938 3.67188 
1.72138 -50.5796 3.71094 
1.75781 -50.2655 3.75 
1.79462 -49.9513 3.78906 
1.83182 -49.6372 3.82812 
1.86939 -49.323 3.86719 
1.90735 -49.0088 3.90625 
1.94569 -48.6947 3.94531 
1.98441 -48.3805 3.98438 
2.02351 -48.0664 4.02344 
2.06299 -47.7522 4.0625 
2.10285 -47.438 4.10156 
2.1431 -47.1239 4.14062 
2.18372 -46.8097 4.17969 
2.22473 -46.4956 4.21875 
2.26612 -46.1814 4.25781 
2.30789 -45.8673 4.29688 
2.35004 -45.5531 4.33594 
2.39258 -45.2389 4.375 
2.43549 -44.9248 4.41406 
2.47879 -44.6106 4.45312 
2.52247 -44.2965 4.49219 
2.56653 -43.9823 4.53125 
2.61097 -43.6681 4.57031 
2.65579 -43.354 4.60938 
2.701 -43.0398 4.64844 
2.74658 -42.7257 4.6875 
2.79255 -42.4115 4.72656 
2.8389 -42.0973 4.76562 
2.88563 -41.7832 4.80469 
2.93274 -41.469 4.84375 
2.98023 -41.1549 4.88281 
3.02811 -40.8407 4.92188 
3.07636 -40.5265 4.96094 
3.125 -40.2124 5 
3.17402 -39.8982 5.03906 
3.22342 -39.5841 5.07812 
3.2732 -39.2699 5.11719 
3.32336 -38.9557 5.15625 
3.37391 -38.6416 5.19531 
3.42484 -38.3274 5.23438 
3.47614 -38.0133 5.27344 
3.52783 -37.6991 5.3125 
3.5799 -37.385 5.35156 
3.63235 -37.0708 5.39062 
3.68519 -36.7566 5.42969 
3.7384 -36.4425 5.46875 
3.792 -36.1283 5.50781 
3.84598 -35.8142 5.54688 
3.90034 -35.5 5.58594 
3.95508 -35.1858 5.625 
4.0102 -34.8717 5.66406 
4.0657 -34.5575 5.70312 
4.12159 -34.2434 5.74219 
4.17786 -33.9292 5.78125 
4.2345 -33.615 5.82031 
4.29153 -33.3009 5.85938 
4.34895 -32.9867 5.89844 
4.40674 -32.6726 5.9375 
4.46491 -32.3584 5.97656 
4.52347 -32.0442 6.01562 
4.58241 -31.7301 6.05469 
4.64172 -31.4159 6.09375 
4.70142 -31.1018 6.13281 
4.76151 -30.7876 6.17188 
4.82197 -30.4734 6.21094 
4.88281 -30.1593 6.25 
4.94404 -29.8451 6.28906 
5.00565 -29.531 6.32812 
5.06763 -29.2168 6.36719 
5.13 -28.9027 6.40625 
5.19276 -28.5885 6.44531 
5.25589 -28.2743 6.48438 
5.3194 -27.9602 6.52344 
5.3833 -27.646 6.5625 
5.44758 -27.3319 6.60156 
5.51224 -27.0177 6.64062 
5.57728 -26.7035 6.67969 
5.6427 -26.3894 6.71875 
5.7085 -26.0752 6.75781 
5.77469 -25.7611 6.79688 
5.84126 -25.4469 6.83594 
5.9082 -25.1327 6.875 
5.97553 -24.8186 6.91406 
6.04324 -24.5044 6.95312 
6.11134 -24.1903 6.99219 
6.17981 -23.8761 7.03125 
6.24866 -23.5619 7.07031 
6.3179 -23.2478 7.10938 
6.38752 -22.9336 7.14844 
6.45752 -22.6195 7.1875 
6.5279 -22.3053 7.22656 
6.59866 -21.9911 7.26562 
6.66981 -21.677 7.30469 
6.74133 -21.3628 7.34375 
6.81324 -21.0487 7.38281 
6.88553 -20.7345 7.42188 
6.9582 -20.4204 7.46094 
7.03125 -20.1062 7.5 
7.10468 -19.792 7.53906 
7.1785 -19.4779 7.57812 
7.25269 -19.1637 7.61719 
7.32727 -18.8496 7.65625 
7.40223 -18.5354 7.69531 
7.47757 -18.2212 7.73438 
7.55329 -17.9071 7.77344 
7.62939 -17.5929 7.8125 
7.70588 -17.2788 7.85156 
7.78275 -16.9646 7.89062 
7.85999 -16.6504 7.92969 
7.93762 -16.3363 7.96875 
8.01563 -16.0221 8.00781 
8.09402 -15.708 8.04688 
8.1728 -15.3938 8.08594 
8.25195 -15.0796 8.125 
8.33149 -14.7655 8.16406 
8.41141 -14.4513 8.20312 
8.49171 -14.1372 8.24219 
8.57239 -13.823 8.28125 
8.65345 -13.5088 8.32031 
8.73489 -13.1947 8.35938 
8.81672 -12.8805 8.39844 
8.89893 -12.5664 8.4375 
8.98151 -12.2522 8.47656 
9.06448 -11.9381 8.51562 
9.14783 -11.6239 8.55469 
9.23157 -11.3097 8.59375 
9.31568 -10.9956 8.63281 
9.40018 -10.6814 8.67188 
9.48505 -10.3673 8.71094 
9.57031 -10.0531 8.75 
9.65595 -9.73894 8.78906 
9.74197 -9.42478 8.82812 
9.82838 -9.11062 8.86719 
9.91516 -8.79646 8.90625 
10.0023 -8.4823 8.94531 
10.0899 -8.16814 8.98438 
10.1778 -7.85398 9.02344 
10.2661 -7.53982 9.0625 
10.3548 -7.22566 9.10156 
10.4439 -6.9115 9.14062 
10.5333 -6.59734 9.17969 
10.6232 -6.28319 9.21875 
10.7134 -5.96903 9.25781 
10.804 -5.65487 9.29688 
10.895 -5.34071 9.33594 
10.9863 -5.02655 9.375 
11.0781 -4.71239 9.41406 
11.1702 -4.39823 9.45312 
11.2627 -4.08407 9.49219 
11.3556 -3.76991 9.53125 
11.4489 -3.45575 9.57031 
11.5425 -3.14159 9.60938 
11.6365 -2.82743 9.64844 
11.731 -2.51327 9.6875 
11.8258 -2.19911 9.72656 
11.9209 -1.88496 9.76562 
12.0165 -1.5708 9.80469 
12.1124 -1.25664 9.84375 
12.2087 -0.942478 9.88281 
12.3055 -0.628319 9.92188 
12.4025 -0.314159 9.96094 
